-0.410195   0.458311   -0.420846
-0.254477   -0.222985   0.412002
0.441652   -0.263428   -0.400969
-0.326438   0.478865   -0.296951
-0.217187   0.495261   -0.369026
0.112081   -0.302096   -0.43836
-0.28151   -0.310854   -0.479357
-0.0808435   0.418517   -0.230399
0.056917   0.460886   0.387316
0.210502   -0.195248   0.415371
0.160335   -0.244285   -0.304024
0.262668   -0.475012   -0.329048
0.489572   -0.0658772   0.45917
-0.258852   0.000272507   -0.417084
0.458971   0.110064   -0.39897
-0.385245   -0.0877503   -0.212331
-0.305165   -0.047148   0.496941
-0.100878   -0.141674   0.471858
-0.0958818   -0.0222852   -0.387035
-0.148606   -0.178709   -0.46979
0.0800275   -0.0372511   -0.383327
0.377875   -0.0801433   -0.471674
0.118854   0.0680412   -0.330623
0.374808   -0.162517   -0.475126
0.467168   0.280342   -0.365629
-0.278058   0.261678   -0.434939
-0.470277   0.27841   -0.285407
-0.443343   0.141225   -0.224628
-0.0848739   0.103508   0.413269
0.0792391   0.311882   -0.448813
-0.0481521   0.313846   -0.306805
0.102584   0.138067   -0.212518
0.152874   0.218173   -0.449364
0.44429   0.317948   0.415295
0.289305   0.44996   -0.43594
0.445211   0.199353   -0.361969
-0.46164   0.44969   -0.113422
-0.398388   -0.357346   -0.249441
0.395861   -0.410015   0.00845932
-0.369064   0.393509   0.116387
-0.295848   0.379144   -0.174061
0.0170443   -0.165081   -0.0517089
-0.123796   -0.370437   0.0743911
-0.0392919   0.41929   -0.0862478
0.181936   0.415786   -0.272175
0.39295   -0.4504   -0.0776753
0.111213   -0.302876   -0.118429
0.42985   0.324535   0.00365215
0.395951   -0.252406   -0.0814424
-0.276307   0.03563   -0.0319528
-0.468836   0.067971   -0.122573
-0.44997   -0.170317   -0.127207
-0.303882   -0.262888   -0.180827
0.0861904   0.0085505   -0.0927697
-0.31169   -0.103995   0.146196
-0.0941291   -0.0622203   -0.1125
0.299892   -0.305106   -0.0583834
0.245739   -0.183722   -0.0549975
0.13446   -0.0744673   -0.0896434
0.289007   -0.0561388   0.0886556
0.451398   0.171156   -0.146881
-0.355037   0.384482   -0.285495
0.495732   0.38932   -0.0416288
-0.201067   0.178181   0.109314
-0.103127   0.196588   -0.305332
0.0526553   0.431489   -0.0393175
-0.0670697   0.420637   0.136598
0.061241   0.27285   0.137422
0.198072   0.153798   -0.268387
0.420389   0.43777   -0.2933
0.204852   0.244044   0.0321062
0.239597   0.217799   -0.0492111
0.454378   0.434987   0.0624043
-0.289414   -0.386745   0.178087
0.48946   -0.202219   0.254316
-0.33767   -0.484052   0.249218
-0.178634   0.45706   0.235409
-0.0474383   -0.35255   0.244845
-0.206318   -0.427432   0.342023
0.0419261   -0.450281   0.273826
0.207896   0.485037   0.160638
0.273785   -0.290222   0.0610187
0.190398   -0.478264   0.305334
0.379255   -0.459682   0.370821
0.448181   -0.271696   0.209036
-0.301814   0.0535411   0.11024
-0.399887   -0.074182   0.409017
-0.287312   -0.127762   0.262392
-0.165121   -0.30335   0.0908405
0.104135   0.0484264   0.045473
-0.292508   -0.0545835   0.352412
0.0173676   -0.128432   0.268631
0.23225   -0.228144   0.122016
0.220963   0.135991   0.021169
0.253679   -0.0591148   0.239313
0.310394   -0.0418737   0.458842
-0.432375   0.215773   0.0526933
-0.300953   0.29457   0.235492
-0.381106   0.44454   0.437267
-0.42785   0.244256   0.344686
-0.224129   0.271537   0.29286
0.101797   0.325369   0.186502
-0.276324   0.256466   0.436955
-0.00857863   0.15074   0.43711
0.163485   0.0922324   0.0654388
0.378574   0.390339   0.0442237
0.185649   0.321737   0.431253
0.388457   0.0632058   0.249922
