1.1
1.09999
1.09996
1.0999
1.09983
1.09974
1.09962
1.09948
1.09932
1.09914
1.09894
1.09872
1.09848
1.09822
1.09793
1.09762
1.0973
1.09695
1.09658
1.09618
1.09577
1.09533
1.09487
1.09439
1.09389
1.09336
1.09281
1.09224
1.09164
1.09103
1.09038
1.08971
1.08902
1.08831
1.08757
1.0868
1.08601
1.08519
1.08435
1.08348
1.08258
1.08165
1.0807
1.07972
1.07872
1.07768
1.07661
1.07552
1.0744
1.07324
1.07206
1.07085
1.0696
1.06832
1.06701
1.06567
1.06429
1.06289
1.06144
1.05997
1.05846
1.05691
1.05532
1.05371
1.05205
1.05035
1.04862
1.04685
1.04504
1.04319
1.0413
1.03937
1.0374
1.03539
1.03333
1.03123
1.02909
1.0269
1.02467
1.0224
1.02008
1.01771
1.0153
1.01283
1.01033
1.00777
1.00516
1.00251
0.999799
0.997043
0.994237
0.99138
0.988471
0.98551
0.982498
0.979432
0.976315
0.973144
0.96992
0.966642
0.96331
0.959925
0.956485
0.952992
0.949445
0.945842
0.942186
0.938476
0.934711
0.930892
0.927019
0.923094
0.919115
0.915083
0.910999
0.906863
0.902675
0.898436
0.894147
0.889808
0.88542
0.880983
0.876498
0.871967
0.86739
0.862769
0.858104
0.853398
0.848651
0.843864
0.839039
0.834177
0.829279
0.824347
0.819383
0.814389
0.809366
0.804316
0.799241
0.794144
0.789025
0.783888
0.778735
0.773567
0.768387
0.763198
0.758002
0.752801
0.747597
0.742394
0.737194
0.731999
0.726813
0.721638
0.716477
0.711331
0.706205
0.7011
0.696019
0.690966
0.685942
0.680952
0.675996
0.671079
0.666203
0.66137
0.656583
0.651846
0.647161
0.64253
0.637955
0.63344
0.628986
0.624596
0.620271
0.616015
0.611828
0.607713
0.603673
0.599708
0.595821
0.592014
0.588287
0.584643
0.581083
0.577607
0.574219
0.570917
0.567704
0.56458
0.561546
0.558603
0.555751
0.552991
0.550323
0.547748
0.545266
0.542877
0.54058
0.538377
0.536266
0.534247
0.532321
0.530486
0.528742
0.527088
0.525525
0.524051
0.522665
0.521366
0.520154
0.519027
0.517984
0.517025
0.516147
0.51535
0.514632
0.513992
0.513429
0.512941
0.512528
0.512186
0.511915
0.511714
0.51158
0.511513
0.511509
0.511569
0.511689
0.511868
0.512105
0.512398
0.512745
0.513144
0.513595
0.514094
0.51464
0.515232
0.515867
0.516545
0.517262
0.518018
0.518811
0.519638
0.5205
0.521392
0.522315
0.523267
0.524246
0.52525
0.526278
0.527327
0.528397
0.529486
0.530592
0.531715
0.532851
0.534001
0.535163
0.536335
0.537517
0.538705
0.5399
0.5411
0.542304
0.54351
0.544718
0.545926
0.547133
0.548338
0.549541
0.550739
0.551933
0.553121
0.554301
0.555475
0.556639
0.557794
0.558939
0.560072
0.561195
0.562305
0.563402
0.564486
0.565555
0.56661
0.56765
0.568673
0.569681
0.570672
0.571646
0.572604
0.573543
0.574465
0.575368
0.576253
0.577119
0.577966
0.578795
0.579604
0.580394
0.581165
0.581916
0.582649
0.583362
0.584056
0.584731
0.585387
0.586025
0.586644
0.587244
0.587827
0.588391
0.588937
0.589466
0.589978
0.590473
0.590951
0.591413
0.591858
0.592288
0.592701
0.5931
0.593484
0.593854
0.594209
0.594552
0.594881
0.595197
0.595501
0.595793
0.596074
0.596343
0.596601
0.596849
0.597086
0.597314
0.597533
0.597743
0.597944
0.598137
0.598322
0.598499
0.598669
0.598831
0.598987
0.599135
0.599278
0.599415
0.599546
0.599672
0.599793
0.599908
0.600019
0.600124
0.600225
0.600321
0.600413
0.600499
0.600582
0.600659
0.600732
0.600801
0.600865
0.600925
0.60098
0.60103
0.601076
0.601117
0.601153
0.601183
0.601209
0.60123
0.601246
0.601255
0.601259
0.601256
0.601247
0.601232
0.601209
0.601179
0.601142
0.601097
0.601043
0.600981
0.600911
0.600831
0.600742
0.600643
0.600533
0.600413
0.600283
0.600141
0.599987
0.599822
0.599645
0.599455
0.599252
0.599035
0.598805
0.598562
0.598304
0.598031
0.597744
0.597442
0.597125
0.596792
0.596444
0.596079
0.595698
0.595301
0.594887
0.594456
0.594009
0.593544
0.593063
0.592564
0.592048
0.591515
0.590965
0.590398
0.589814
0.589213
0.588595
0.58796
0.587308
0.586639
0.585954
0.585253
0.584536
0.583803
0.583055
0.582291
0.581512
0.580718
0.57991
0.579088
0.578253
0.577404
0.576543
0.57567
0.574785
0.573889
0.572982
0.572066
0.57114
0.570205
0.569262
0.568312
0.567354
0.566389
0.565419
0.564444
0.563464
0.56248
0.561493
0.560504
0.559513
0.55852
0.557528
0.556535
0.555544
0.554554
0.553567
0.552582
0.551601
0.550624
0.549651
0.548685
0.547725
0.546771
0.545825
0.544887
0.543958
0.543037
0.542127
0.541228
0.54034
0.539464
0.538599
0.537748
0.53691
0.536086
0.535277
0.534482
0.533702
0.532938
0.53219
0.531459
0.530745
0.530048
0.529369
0.528708
0.528066
0.527443
0.526839
0.526255
0.52569
0.525145
0.524621
0.524117
0.523634
0.523173
0.522733
0.522314
0.521918
0.521543
0.52119
0.52086
0.520552
0.520266
0.520003
0.519763
0.519545
0.51935
0.519177
0.519027
0.518899
0.518793
0.51871
0.51865
0.518611
0.518595
0.5186
0.518627
0.518676
0.518747
0.518839
0.518951
0.519085
0.519239
0.519414
0.519608
0.519822
0.520056
0.520309
0.520581
0.520872
0.52118
0.521506
0.521849
0.52221
0.522587
0.522979
0.523388
0.523811
0.524249
0.524701
0.525167
0.525646
0.526138
0.526642
0.527158
0.527686
0.528224
0.528773
0.529331
0.529898
0.530474
0.531057
0.531649
0.532247
0.532852
0.533463
0.534079
0.534699
0.535324
0.535952
0.536583
0.537216
0.537852
0.538489
0.539126
0.539764
0.540401
0.541038
0.541672
0.542305
0.542935
0.543561
0.544184
0.544803
0.545417
0.546027
0.54663
0.547228
0.547819
0.548403
0.548978
0.549545
0.550104
0.550654
0.551194
0.551724
0.552244
0.552753
0.553251
0.553737
0.554211
0.554674
0.555123
0.55556
0.555984
0.556395
0.556792
0.557176
0.557546
0.557901
0.558243
0.558569
0.558881
0.559179
0.559461
0.559729
0.559982
0.56022
0.560443
0.560651
0.560845
0.561025
0.561189
0.56134
0.561475
0.561597
0.561706
0.5618
0.561881
0.561948
0.562002
0.562043
0.562071
0.562087
0.562091
0.562082
0.562063
0.562032
0.561989
0.561936
0.561873
0.561801
0.561718
0.561626
0.561525
0.561416
0.561299
0.561174
0.561042
0.560903
0.560758
0.560607
0.560451
0.560289
0.560123
0.559952
0.559778
0.5596
0.559419
0.559236
0.55905
0.558863
0.558674
0.558483
0.558292
0.558101
0.55791
0.55772
0.557529
0.55734
0.557153
0.556967
0.556784
0.556603
0.556425
0.55625
0.556078
0.55591
0.555746
0.555587
0.555432
0.555281
0.555136
0.554996
0.554862
0.554733
0.554611
0.554495
0.554386
0.554284
0.554189
0.554101
0.55402
0.553948
0.553883
0.553828
0.55378
0.553742
0.553714
0.553695
0.553686
0.553686
0.553696
0.553716
0.553746
0.553787
0.553838
0.5539
0.553972
0.554056
0.554151
0.554257
0.554374
0.554504
0.554644
0.554796
0.55496
0.555136
0.555324
0.555523
0.555734
0.555957
0.556192
0.556438
0.556695
0.556964
0.557244
0.557534
0.557836
0.558148
0.55847
0.558802
0.559145
0.559497
0.559858
0.560228
0.560607
0.560993
0.561388
0.561791
0.562201
0.562618
0.563041
0.56347
0.563904
0.564343
0.564787
0.565235
0.565687
0.566143
0.566602
0.567063
0.567527
0.567992
0.568459
0.568926
0.569393
0.56986
0.570327
0.570792
0.571256
0.571718
0.572177
0.572634
0.573087
0.573538
0.573984
0.574427
0.574865
0.575298
0.575727
0.57615
0.576568
0.576981
0.577387
0.577788
0.578182
0.57857
0.578951
0.579326
0.579694
0.580055
0.580409
0.580757
0.581097
0.58143
0.581756
0.582075
0.582386
0.58269
0.582987
0.583276
0.583559
0.583835
0.584104
0.584366
0.584622
0.584871
0.585115
0.585352
0.585583
0.585809
0.586029
0.586243
0.586452
0.586656
0.586855
0.58705
0.58724
0.587426
0.587608
0.587787
0.587962
0.588135
0.588304
0.58847
0.588634
0.588795
0.588955
0.589112
0.589268
0.589422
0.589575
0.589727
0.589879
0.59003
0.590181
0.590332
0.590483
0.590634
0.590786
0.590938
0.591091
0.591245
0.5914
0.591557
0.591714
0.591874
0.592034
0.592197
0.592361
0.592527
0.592695
0.592865
0.593037
0.593211
0.593387
0.593566
0.593746
0.593928
0.594113
0.594299
0.594488
0.594679
0.594872
0.595068
0.595265
0.595465
0.595666
0.595869
0.596074
0.59628
0.596488
0.596697
0.596906
0.597117
0.597329
0.597542
0.597756
0.59797
0.598184
0.598399
0.598613
0.598828
0.599042
0.599256
0.599468
0.59968
0.599891
0.600101
0.60031
0.600516
0.600721
0.600924
0.601125
0.601324
0.60152
0.601713
0.601903
0.602091
0.602275
0.602455
0.602631
0.602803
0.602971
0.603134
0.603293
0.603447
0.603596
0.60374
0.603878
0.604011
0.604138
0.60426
0.604375
0.604484
0.604587
0.604683
0.604774
0.604857
0.604934
0.605004
0.605066
0.605121
0.605168
0.605207
0.605239
0.605264
0.60528
0.605288
0.605289
0.605281
0.605265
0.605242
0.60521
0.60517
0.605121
0.605065
0.605
0.604927
0.604846
0.604758
0.604661
0.604557
0.604445
0.604324
0.604196
0.604061
0.603917
0.603767
0.603609
0.603444
0.603273
0.603095
0.60291
0.60272
0.602523
0.602321
0.602113
0.601899
0.60168
0.601457
0.60123
0.600998
0.600763
0.600524
0.600282
0.600036
0.599788
0.599538
0.599285
0.599031
0.598776
0.59852
0.598263
0.598006
0.597749
0.597492
0.597236
0.59698
0.596725
0.596471
0.596219
0.595969
0.595723
0.595479
0.595239
0.595002
0.594769
0.594539
0.594313
0.594092
0.593875
0.593664
0.593457
0.593255
0.593059
0.592867
0.592682
0.592502
0.592328
0.59216
0.591998
0.591843
0.591694
0.591551
0.591415
0.591286
0.591162
0.591045
0.590935
0.590831
1.09991
1.09972
1.09949
1.09923
1.09893
1.09859
1.09822
1.0978
1.09735
1.09686
1.09633
1.09576
1.09516
1.09451
1.09382
1.0931
1.09233
1.09153
1.09068
1.0898
1.08887
1.0879
1.0869
1.08585
1.08477
1.08364
1.08247
1.08126
1.08
1.07871
1.07738
1.076
1.07458
1.07313
1.07163
1.07009
1.06852
1.0669
1.06524
1.06354
1.06181
1.06004
1.05822
1.05638
1.05449
1.05257
1.05061
1.04862
1.04659
1.04454
1.04244
1.04032
1.03817
1.03599
1.03378
1.03155
1.02928
1.027
1.02469
1.02237
1.02002
1.01765
1.01527
1.01287
1.01046
1.00803
1.0056
1.00315
1.0007
0.99824
0.995776
0.993309
0.99084
0.98837
0.985901
0.983435
0.980971
0.978513
0.976059
0.973613
0.971174
0.968743
0.966321
0.963909
0.961507
0.959116
0.956735
0.954366
0.952008
0.949662
0.947327
0.945003
0.942691
0.94039
0.938101
0.935822
0.933553
0.931293
0.929042
0.926799
0.924564
0.922335
0.920113
0.917896
0.915683
0.913475
0.91127
0.909069
0.90687
0.904672
0.902475
0.900278
0.898081
0.895885
0.893687
0.891488
0.889288
0.887087
0.884884
0.88268
0.880475
0.878269
0.876062
0.873854
0.871646
0.869438
0.86723
0.865024
0.86282
0.860619
0.858421
0.856228
0.85404
0.851858
0.849683
0.847517
0.84536
0.843214
0.84108
0.83896
0.836855
0.834765
0.832694
0.830642
0.828611
0.826602
0.824616
0.822656
0.820723
0.818819
0.816944
0.815101
0.813291
0.811515
0.809776
0.808075
0.806413
0.804792
0.803213
0.801677
0.800185
0.79874
0.797343
0.795994
0.794696
0.793447
0.79225
0.791106
0.790015
0.788977
0.787994
0.787066
0.786192
0.785374
0.784611
0.783903
0.783251
0.782655
0.782113
0.781625
0.781191
0.780811
0.780482
0.780204
0.779977
0.779798
0.779667
0.779582
0.779542
0.779544
0.779587
0.779671
0.779791
0.779948
0.780137
0.780357
0.780606
0.780881
0.781181
0.781502
0.781844
0.782202
0.782575
0.78296
0.783355
0.783758
0.784167
0.784578
0.784991
0.785403
0.785812
0.786218
0.786616
0.787006
0.787386
0.787754
0.788109
0.788449
0.788774
0.789081
0.789369
0.789639
0.789889
0.790119
0.790327
0.790514
0.790679
0.790822
0.790943
0.791042
0.791119
0.791175
0.791209
0.791222
0.791213
0.791185
0.791137
0.79107
0.790985
0.790883
0.790765
0.790631
0.790484
0.790324
0.790154
0.789973
0.789784
0.789587
0.789384
0.789178
0.788969
0.788759
0.788548
0.78834
0.788135
0.787934
0.78774
0.787554
0.787377
0.787211
0.787058
0.786918
0.786795
0.786689
0.786601
0.786534
0.786487
0.786464
0.786465
0.786491
0.786544
0.786624
0.786733
0.786871
0.78704
0.787241
0.787474
0.78774
0.788041
0.788375
0.788745
0.78915
0.78959
0.790067
0.79058
0.79113
0.791716
0.792339
0.792999
0.793694
0.794427
0.795195
0.795999
0.796838
0.797713
0.798623
0.799567
0.800544
0.801555
0.802598
0.803672
0.804776
0.805911
0.807074
0.808265
0.809484
0.810728
0.811998
0.813291
0.814606
0.815943
0.817301
0.818678
0.820074
0.821486
0.822914
0.824355
0.825809
0.827274
0.82875
0.830232
0.831721
0.833215
0.834713
0.836212
0.837712
0.83921
0.840705
0.842195
0.843679
0.845155
0.846621
0.848076
0.849518
0.850945
0.852356
0.853749
0.855122
0.856475
0.857804
0.85911
0.86039
0.861644
0.862868
0.864063
0.865227
0.866359
0.867457
0.86852
0.869548
0.870538
0.871491
0.872406
0.87328
0.874114
0.874908
0.875659
0.876369
0.877036
0.877661
0.878243
0.878782
0.879278
0.879732
0.880142
0.88051
0.880836
0.881121
0.881364
0.881567
0.881731
0.881856
0.881943
0.881992
0.882006
0.881985
0.881931
0.881845
0.881727
0.881581
0.881407
0.881206
0.88098
0.88073
0.880459
0.880168
0.879858
0.879531
0.879189
0.878833
0.878465
0.878086
0.877697
0.877301
0.876898
0.876491
0.87608
0.875666
0.875251
0.874834
0.874418
0.874004
0.873591
0.873182
0.872777
0.872376
0.87198
0.87159
0.871206
0.87083
0.87046
0.870098
0.869744
0.869397
0.869057
0.868725
0.868401
0.868085
0.867778
0.867478
0.867185
0.866901
0.866624
0.866355
0.866094
0.86584
0.865594
0.865355
0.865124
0.8649
0.864683
0.864474
0.864272
0.864077
0.86389
0.863711
0.863539
0.863376
0.863221
0.863075
0.862938
0.86281
0.862691
0.862582
0.862482
0.862393
0.862316
0.862249
0.862195
0.862153
0.862123
0.862106
0.862103
0.862114
0.86214
0.862181
0.862238
0.862311
0.862402
0.862509
0.862634
0.862778
0.862941
0.863123
0.863326
0.863549
0.863793
0.864059
0.864346
0.864656
0.864989
0.865345
0.865725
0.866129
0.866557
0.867009
0.867486
0.867988
0.868515
0.869067
0.869643
0.870245
0.870872
0.871524
0.872201
0.872903
0.873629
0.87438
0.875155
0.875954
0.876776
0.87762
0.878487
0.879376
0.880286
0.881216
0.882167
0.883137
0.884125
0.885132
0.886156
0.887196
0.888251
0.889321
0.890405
0.8915
0.892608
0.893726
0.894854
0.89599
0.897134
0.898284
0.89944
0.900599
0.901762
0.902928
0.904094
0.90526
0.906426
0.907589
0.908748
0.909904
0.911053
0.912197
0.913333
0.91446
0.915578
0.916686
0.917782
0.918866
0.919937
0.920993
0.922035
0.92306
0.924069
0.92506
0.926033
0.926987
0.927921
0.928835
0.929729
0.9306
0.931449
0.932274
0.933076
0.933854
0.934607
0.935334
0.936036
0.936712
0.937362
0.937986
0.938583
0.939153
0.939697
0.940214
0.940703
0.941166
0.941601
0.942009
0.942389
0.942742
0.943067
0.943365
0.943635
0.94388
0.944097
0.944288
0.944452
0.944589
0.944701
0.944787
0.944847
0.944882
0.944893
0.944879
0.944842
0.944781
0.944697
0.94459
0.944461
0.94431
0.944137
0.943942
0.943727
0.943491
0.943236
0.942962
0.942668
0.942355
0.942024
0.941676
0.941309
0.940927
0.940528
0.940112
0.939681
0.939234
0.938772
0.938294
0.937802
0.937295
0.936773
0.936238
0.935689
0.935126
0.934549
0.933959
0.933356
0.932741
0.932112
0.931471
0.930816
0.930148
0.929468
0.928775
0.928069
0.927351
0.926622
0.92588
0.925126
0.924359
0.92358
0.922789
0.921985
0.921169
0.92034
0.919499
0.918645
0.917779
0.9169
0.916008
0.915105
0.914189
0.913261
0.912321
0.91137
0.910407
0.909432
0.908446
0.907449
0.906441
0.905423
0.904394
0.903356
0.902308
0.90125
0.900184
0.899111
0.89803
0.896942
0.895847
0.894746
0.89364
0.89253
0.891416
0.8903
0.889181
0.88806
0.886938
0.885817
0.884696
0.883578
0.882462
0.881351
0.880244
0.879142
0.878048
0.876961
0.875883
0.874815
0.873757
0.872711
0.871678
0.870658
0.869652
0.868661
0.867687
0.86673
0.86579
0.864868
0.863966
0.863083
0.862221
0.86138
0.860561
0.859764
0.858988
0.858236
0.857508
0.856802
0.856121
0.855463
0.854829
0.854219
0.853631
0.853067
0.852525
0.852007
0.851511
0.851037
0.850585
0.850153
0.849742
0.849351
0.848979
0.848626
0.84829
0.847972
0.84767
0.847383
0.847112
0.846854
0.846609
0.846377
0.846157
0.845947
0.845748
0.845557
0.845376
0.845202
0.845035
0.844874
0.844718
0.844569
0.844423
0.844282
0.844143
0.844008
0.843875
0.843744
0.843615
0.843486
0.843358
0.843231
0.843103
0.842976
0.842849
0.842721
0.842592
0.842461
0.842329
0.842195
0.84206
0.841923
0.841784
0.841644
0.841502
0.841357
0.84121
0.84106
0.840908
0.840754
0.840597
0.840437
0.840275
0.84011
0.839943
0.839772
0.839599
0.839423
0.839243
0.839059
0.838872
0.838681
0.838487
0.838288
0.838086
0.83788
0.837669
0.837454
0.837235
0.837012
0.836785
0.836554
0.836319
0.83608
0.835838
0.835593
0.835345
0.835094
0.834842
0.834588
0.834333
0.834077
0.833822
0.833566
0.833312
0.833061
0.832812
0.832567
0.832327
0.832094
0.831867
0.831648
0.83144
0.831242
0.831057
0.830885
0.830727
0.830586
0.830462
0.830357
0.830272
0.830209
0.83017
0.830155
0.830167
0.830206
0.830274
0.830371
0.830501
0.830663
0.830859
0.831091
0.831358
0.831662
0.832005
0.832386
0.832807
0.833268
0.83377
0.834314
0.834899
0.835526
0.836195
0.836906
0.837658
0.838453
0.839288
0.840165
0.841082
0.842039
0.843034
0.844068
0.845139
0.846245
0.847386
0.848561
0.849768
0.851006
0.852274
0.853569
0.854892
0.856238
0.857608
0.858999
0.860409
0.861838
0.863282
0.86474
0.866212
0.867694
0.869185
0.870683
0.872187
0.873694
0.875203
0.876712
0.878219
0.879722
0.88122
0.882712
0.884195
0.885669
0.887131
0.888582
0.890019
0.891441
0.892847
0.894236
0.895606
0.896957
0.898288
0.899597
0.900885
0.902149
0.903391
0.904609
0.905803
0.906971
0.908113
0.90923
0.91032
0.911384
0.91242
0.913429
0.914412
0.915367
0.916296
0.917197
0.918071
0.918919
0.919739
0.920532
0.921298
0.922036
0.922748
0.923434
0.924093
0.924726
0.925332
0.925913
0.926468
0.926998
0.927502
0.927982
0.928437
0.928868
0.929275
0.929658
0.930018
0.930355
0.930668
0.930958
0.931225
0.93147
0.931691
0.931891
0.932068
0.932223
0.932355
0.932465
0.932552
0.932617
0.93266
0.932681
0.93268
0.932656
0.93261
0.932542
0.93245
0.932335
0.932199
0.932039
0.931857
0.931652
0.931424
0.931173
0.930899
0.930602
0.930283
0.92994
0.929574
0.929186
0.928775
0.928342
0.927886
0.927408
0.926907
0.926384
0.925838
0.925271
0.924681
0.92407
0.923437
0.922783
0.922108
0.921412
0.920695
0.919958
0.919201
0.918424
0.917628
0.916812
0.915978
0.915125
0.914253
0.913363
0.912454
0.911528
0.910584
0.909623
0.908643
0.907647
0.906634
0.905604
0.904558
0.903496
0.902417
0.901323
0.900213
0.899088
0.897946
0.896789
0.895617
0.89443
0.893228
0.89201
0.890779
0.889532
0.888272
0.886997
0.885707
0.884404
0.883086
0.881755
0.880412
0.879056
0.877687
1.09917
1.09752
1.09582
1.09409
1.09232
1.0905
1.08865
1.08676
1.08483
1.08287
1.08087
1.07884
1.07677
1.07468
1.07255
1.0704
1.06823
1.06602
1.0638
1.06155
1.05928
1.05699
1.05469
1.05237
1.05004
1.0477
1.04534
1.04298
1.04062
1.03825
1.03587
1.0335
1.03113
1.02876
1.02639
1.02403
1.02168
1.01934
1.017
1.01468
1.01237
1.01008
1.0078
1.00554
1.0033
1.00107
0.998872
0.996693
0.994537
0.992407
0.990304
0.988229
0.986183
0.984168
0.982185
0.980236
0.978322
0.976445
0.974605
0.972804
0.971044
0.969326
0.967651
0.96602
0.964435
0.962899
0.96141
0.959972
0.958585
0.957249
0.955966
0.954738
0.953564
0.952446
0.951385
0.950381
0.949434
0.948546
0.947717
0.946947
0.946235
0.945582
0.944988
0.944452
0.943974
0.943553
0.943189
0.942882
0.94263
0.942433
0.942289
0.942197
0.942155
0.942163
0.942219
0.942322
0.942469
0.94266
0.942893
0.943165
0.943477
0.943824
0.944207
0.944623
0.945071
0.945549
0.946056
0.946588
0.947146
0.947726
0.948329
0.948951
0.949593
0.950253
0.95093
0.951622
0.952327
0.953046
0.953777
0.954519
0.955272
0.956035
0.956807
0.957587
0.958375
0.95917
0.959972
0.960781
0.961597
0.962418
0.963246
0.96408
0.96492
0.965766
0.966617
0.967475
0.968339
0.96921
0.970087
0.970971
0.971862
0.97276
0.973665
0.974578
0.975499
0.976427
0.977364
0.978309
0.979262
0.980223
0.981194
0.982173
0.983161
0.984158
0.985163
0.986177
0.987199
0.98823
0.98927
0.990318
0.991375
0.99244
0.993513
0.994594
0.995681
0.996775
0.997876
0.998982
1.00009
1.00121
1.00233
1.00345
1.00458
1.00571
1.00685
1.00798
1.00912
1.01026
1.01139
1.01253
1.01366
1.0148
1.01593
1.01705
1.01817
1.01929
1.0204
1.0215
1.0226
1.02368
1.02476
1.02583
1.02689
1.02793
1.02896
1.02998
1.03098
1.03197
1.03294
1.03389
1.03483
1.03574
1.03664
1.03751
1.03835
1.03917
1.03997
1.04074
1.04148
1.04219
1.04287
1.04352
1.04414
1.04472
1.04526
1.04577
1.04624
1.04666
1.04705
1.04739
1.04769
1.04795
1.04816
1.04832
1.04843
1.04849
1.04849
1.04845
1.04835
1.04819
1.04798
1.04771
1.04738
1.04699
1.04654
1.04603
1.04546
1.04482
1.04412
1.04336
1.04253
1.04163
1.04067
1.03964
1.03855
1.03739
1.03616
1.03486
1.0335
1.03208
1.03059
1.02904
1.02742
1.02574
1.02399
1.02219
1.02033
1.01841
1.01643
1.0144
1.01232
1.01019
1.00801
1.00578
1.00351
1.00119
0.998844
0.996458
0.99404
0.991592
0.989117
0.986619
0.984102
0.981568
0.979021
0.976465
0.973904
0.97134
0.968779
0.966224
0.963678
0.961146
0.958632
0.956138
0.95367
0.95123
0.948822
0.946451
0.94412
0.941831
0.93959
0.937399
0.93526
0.933178
0.931154
0.929192
0.927294
0.925463
0.9237
0.922008
0.920389
0.918845
0.917376
0.915984
0.914671
0.913438
0.912284
0.911212
0.910221
0.909313
0.908488
0.907745
0.907085
0.906507
0.906012
0.905598
0.905265
0.905013
0.904841
0.904748
0.904733
0.904795
0.904934
0.905148
0.905436
0.905796
0.906228
0.906729
0.9073
0.907937
0.90864
0.909407
0.910235
0.911125
0.912073
0.913079
0.91414
0.915254
0.916422
0.917639
0.918904
0.920216
0.921573
0.922972
0.924411
0.925889
0.927402
0.92895
0.930529
0.932139
0.933777
0.93544
0.937128
0.938838
0.940568
0.942317
0.944083
0.945862
0.947655
0.949458
0.95127
0.953089
0.954915
0.956745
0.958577
0.96041
0.962242
0.964073
0.9659
0.967722
0.969537
0.971345
0.973144
0.974933
0.97671
0.978476
0.980228
0.981966
0.983689
0.985395
0.987084
0.988755
0.990408
0.99204
0.993652
0.995243
0.996811
0.998356
0.999879
1.00138
1.00285
1.0043
1.00572
1.00712
1.00849
1.00983
1.01115
1.01243
1.01369
1.01492
1.01612
1.01729
1.01843
1.01954
1.02062
1.02167
1.02269
1.02367
1.02463
1.02555
1.02644
1.0273
1.02813
1.02892
1.02968
1.03041
1.03111
1.03178
1.03241
1.03301
1.03358
1.03412
1.03463
1.0351
1.03555
1.03597
1.03635
1.03671
1.03703
1.03733
1.0376
1.03784
1.03806
1.03824
1.03841
1.03854
1.03865
1.03874
1.0388
1.03884
1.03886
1.03885
1.03883
1.03879
1.03872
1.03864
1.03854
1.03842
1.03828
1.03813
1.03797
1.03779
1.03759
1.03739
1.03717
1.03694
1.0367
1.03645
1.03619
1.03593
1.03566
1.03538
1.03509
1.0348
1.03451
1.03421
1.03391
1.0336
1.0333
1.033
1.0327
1.0324
1.0321
1.0318
1.0315
1.03121
1.03093
1.03064
1.03037
1.0301
1.02984
1.02958
1.02933
1.02909
1.02886
1.02864
1.02842
1.02822
1.02802
1.02784
1.02766
1.0275
1.02734
1.0272
1.02706
1.02694
1.02683
1.02673
1.02663
1.02655
1.02648
1.02642
1.02638
1.02633
1.0263
1.02628
1.02627
1.02627
1.02627
1.02628
1.0263
1.02632
1.02636
1.0264
1.02644
1.02649
1.02655
1.02661
1.02668
1.02675
1.02683
1.02691
1.02699
1.02708
1.02717
1.02726
1.02735
1.02745
1.02755
1.02765
1.02776
1.02786
1.02797
1.02808
1.02819
1.0283
1.02841
1.02853
1.02864
1.02876
1.02888
1.02901
1.02913
1.02926
1.02939
1.02952
1.02965
1.02978
1.02992
1.03006
1.03021
1.03035
1.0305
1.03065
1.03081
1.03097
1.03113
1.0313
1.03146
1.03164
1.03181
1.03198
1.03216
1.03235
1.03253
1.03272
1.03291
1.0331
1.03329
1.03348
1.03367
1.03387
1.03406
1.03425
1.03444
1.03463
1.03481
1.03499
1.03517
1.03534
1.0355
1.03566
1.03582
1.03597
1.0361
1.03624
1.03636
1.03647
1.03657
1.03666
1.03674
1.0368
1.03685
1.03688
1.0369
1.0369
1.03689
1.03686
1.03681
1.03674
1.03665
1.03654
1.0364
1.03625
1.03607
1.03588
1.03565
1.03541
1.03514
1.03485
1.03453
1.03419
1.03382
1.03343
1.03301
1.03257
1.0321
1.03161
1.03109
1.03055
1.02999
1.0294
1.02878
1.02815
1.02749
1.0268
1.0261
1.02537
1.02463
1.02386
1.02308
1.02227
1.02145
1.02061
1.01976
1.0189
1.01802
1.01713
1.01623
1.01532
1.01441
1.01349
1.01257
1.01165
1.01072
1.00981
1.00889
1.00798
1.00709
1.0062
1.00533
1.00447
1.00364
1.00282
1.00203
1.00127
1.00054
0.999837
0.999171
0.998542
0.997952
0.997406
0.996905
0.996452
0.996048
0.995696
0.995399
0.995159
0.994977
0.994856
0.994797
0.994801
0.99487
0.995006
0.995208
0.995478
0.995816
0.996222
0.996697
0.99724
0.997851
0.998528
0.999273
1.00008
1.00096
1.00189
1.00289
1.00395
1.00506
1.00622
1.00744
1.00871
1.01002
1.01138
1.01278
1.01421
1.01568
1.01718
1.0187
1.02025
1.02182
1.0234
1.025
1.02661
1.02822
1.02983
1.03144
1.03305
1.03465
1.03623
1.03781
1.03936
1.04089
1.0424
1.04387
1.04532
1.04674
1.04812
1.04946
1.05076
1.05202
1.05323
1.0544
1.05552
1.05659
1.05761
1.05857
1.05949
1.06034
1.06115
1.06189
1.06258
1.06322
1.06379
1.06431
1.06477
1.06517
1.06551
1.0658
1.06603
1.0662
1.06632
1.06639
1.0664
1.06636
1.06626
1.06612
1.06593
1.06568
1.06539
1.06506
1.06468
1.06426
1.06379
1.06329
1.06275
1.06217
1.06155
1.0609
1.06022
1.0595
1.05876
1.05799
1.05719
1.05636
1.05551
1.05464
1.05374
1.05283
1.05189
1.05093
1.04996
1.04897
1.04796
1.04694
1.0459
1.04486
1.0438
1.04272
1.04164
1.04055
1.03945
1.03834
1.03722
1.0361
1.03497
1.03384
1.0327
1.03156
1.03042
1.02928
1.02814
1.027
1.02586
1.02473
1.0236
1.02248
1.02136
1.02026
1.01917
1.01809
1.01702
1.01597
1.01494
1.01393
1.01293
1.01196
1.01102
1.0101
1.00921
1.00835
1.00753
1.00673
1.00598
1.00526
1.00458
1.00394
1.00334
1.00279
1.00228
1.00181
1.0014
1.00103
1.00071
1.00044
1.00022
1.00006
0.999939
0.999872
0.999856
0.99989
0.999973
1.00011
1.00029
1.00051
1.00079
1.00111
1.00147
1.00187
1.00231
1.00278
1.00329
1.00384
1.00441
1.00501
1.00564
1.00629
1.00695
1.00764
1.00833
1.00904
1.00976
1.01048
1.0112
1.01192
1.01264
1.01336
1.01406
1.01475
1.01543
1.0161
1.01674
1.01737
1.01797
1.01855
1.0191
1.01962
1.02012
1.02058
1.02101
1.02141
1.02177
1.0221
1.02239
1.02265
1.02287
1.02306
1.02321
1.02333
1.02341
1.02346
1.02348
1.02347
1.02342
1.02335
1.02325
1.02313
1.02298
1.02281
1.02262
1.02241
1.02219
1.02196
1.02171
1.02146
1.0212
1.02094
1.02068
1.02042
1.02017
1.01992
1.01968
1.01946
1.01924
1.01905
1.01887
1.01872
1.01858
1.01847
1.01838
1.01832
1.01829
1.01828
1.0183
1.01835
1.01843
1.01853
1.01867
1.01883
1.01901
1.01922
1.01946
1.01971
1.01999
1.02028
1.0206
1.02093
1.02127
1.02162
1.02198
1.02235
1.02272
1.02309
1.02346
1.02383
1.02419
1.02454
1.02489
1.02522
1.02553
1.02583
1.02612
1.02638
1.02662
1.02685
1.02704
1.02722
1.02736
1.02749
1.02758
1.02765
1.02769
1.0277
1.02769
1.02765
1.02758
1.02748
1.02736
1.02721
1.02704
1.02684
1.02662
1.02638
1.02612
1.02584
1.02553
1.02521
1.02488
1.02452
1.02416
1.02377
1.02338
1.02298
1.02256
1.02214
1.02171
1.02127
1.02082
1.02038
1.01992
1.01947
1.01901
1.01855
1.01809
1.01763
1.01717
1.01672
1.01627
1.01582
1.01538
1.01494
1.01451
1.01409
1.01368
1.01327
1.01288
1.0125
1.01213
1.01177
1.01143
1.09979
1.0994
1.09902
1.09864
1.09828
1.09792
1.09758
1.09725
1.09693
1.09663
1.09635
1.09608
1.09584
1.09561
1.09541
1.09523
1.09508
1.09495
1.09485
1.09478
1.09474
1.09472
1.09474
1.0948
1.09488
1.095
1.09515
1.09534
1.09557
1.09583
1.09612
1.09645
1.09682
1.09722
1.09766
1.09814
1.09864
1.09919
1.09976
1.10037
1.10101
1.10168
1.10238
1.10311
1.10387
1.10465
1.10546
1.10629
1.10714
1.10801
1.1089
1.10981
1.11073
1.11167
1.11262
1.11358
1.11455
1.11552
1.1165
1.11749
1.11848
1.11947
1.12045
1.12144
1.12242
1.1234
1.12437
1.12533
1.12629
1.12723
1.12817
1.12909
1.12999
1.13089
1.13177
1.13263
1.13348
1.13431
1.13512
1.13591
1.13669
1.13745
1.13818
1.1389
1.1396
1.14028
1.14094
1.14158
1.14221
1.14281
1.14339
1.14396
1.14451
1.14503
1.14555
1.14604
1.14652
1.14698
1.14742
1.14785
1.14826
1.14866
1.14904
1.14941
1.14977
1.15011
1.15044
1.15076
1.15106
1.15135
1.15162
1.15189
1.15214
1.15237
1.1526
1.15281
1.15301
1.1532
1.15337
1.15353
1.15367
1.1538
1.15391
1.15401
1.1541
1.15416
1.15421
1.15424
1.15425
1.15425
1.15422
1.15417
1.1541
1.154
1.15389
1.15374
1.15358
1.15338
1.15316
1.15291
1.15263
1.15232
1.15198
1.15161
1.15121
1.15077
1.15029
1.14978
1.14924
1.14866
1.14804
1.14738
1.14668
1.14595
1.14517
1.14436
1.1435
1.1426
1.14166
1.14068
1.13966
1.13859
1.13748
1.13632
1.13513
1.13388
1.1326
1.13127
1.1299
1.12848
1.12702
1.12551
1.12396
1.12237
1.12073
1.11905
1.11732
1.11556
1.11375
1.11189
1.11
1.10806
1.10609
1.10407
1.10202
1.09992
1.09779
1.09562
1.09342
1.09118
1.0889
1.0866
1.08426
1.0819
1.0795
1.07708
1.07464
1.07217
1.06969
1.06718
1.06466
1.06213
1.05958
1.05703
1.05447
1.05191
1.04935
1.04679
1.04425
1.04171
1.03918
1.03668
1.03419
1.03174
1.02931
1.02691
1.02456
1.02224
1.01997
1.01775
1.01559
1.01348
1.01143
1.00945
1.00755
1.00571
1.00395
1.00228
1.00069
0.999184
0.997774
0.996459
0.995242
0.994125
0.99311
0.9922
0.991396
0.990701
0.990115
0.98964
0.989276
0.989025
0.988885
0.988857
0.988941
0.989136
0.98944
0.989852
0.990372
0.990998
0.991727
0.992558
0.993487
0.994512
0.99563
0.996839
0.998133
0.999511
1.00097
1.0025
1.00411
1.00579
1.00753
1.00933
1.01118
1.01309
1.01505
1.01705
1.01909
1.02116
1.02327
1.0254
1.02755
1.02973
1.03192
1.03412
1.03632
1.03854
1.04075
1.04296
1.04516
1.04735
1.04953
1.05169
1.05383
1.05596
1.05806
1.06013
1.06217
1.06419
1.06617
1.06811
1.07002
1.07189
1.07372
1.0755
1.07725
1.07895
1.0806
1.08221
1.08377
1.08528
1.08674
1.08816
1.08952
1.09083
1.09209
1.0933
1.09446
1.09557
1.09662
1.09763
1.09858
1.09947
1.10032
1.10111
1.10186
1.10255
1.10319
1.10377
1.10431
1.1048
1.10523
1.10562
1.10595
1.10624
1.10648
1.10667
1.10681
1.10691
1.10696
1.10697
1.10693
1.10685
1.10672
1.10656
1.10635
1.1061
1.10581
1.10549
1.10513
1.10473
1.10429
1.10382
1.10332
1.10279
1.10223
1.10164
1.10102
1.10037
1.0997
1.09901
1.09829
1.09755
1.09679
1.09601
1.09521
1.0944
1.09357
1.09273
1.09187
1.091
1.09012
1.08923
1.08833
1.08742
1.0865
1.08557
1.08463
1.08368
1.08273
1.08177
1.0808
1.07983
1.07884
1.07785
1.07685
1.07585
1.07483
1.07381
1.07278
1.07173
1.07068
1.06962
1.06855
1.06746
1.06637
1.06526
1.06415
1.06302
1.06188
1.06072
1.05956
1.05838
1.05719
1.05599
1.05477
1.05355
1.05232
1.05107
1.04983
1.04857
1.04731
1.04604
1.04477
1.0435
1.04223
1.04096
1.03969
1.03843
1.03718
1.03593
1.03469
1.03347
1.03226
1.03107
1.0299
1.02875
1.02763
1.02653
1.02546
1.02442
1.02341
1.02244
1.0215
1.02061
1.01975
1.01894
1.01817
1.01744
1.01677
1.01614
1.01557
1.01504
1.01458
1.01416
1.0138
1.0135
1.01326
1.01308
1.01295
1.01289
1.01288
1.01294
1.01306
1.01324
1.01348
1.01379
1.01415
1.01458
1.01507
1.01561
1.01622
1.01688
1.0176
1.01837
1.0192
1.02008
1.02101
1.02199
1.02302
1.0241
1.02521
1.02637
1.02757
1.0288
1.03007
1.03137
1.0327
1.03406
1.03544
1.03684
1.03827
1.03971
1.04116
1.04263
1.0441
1.04559
1.04707
1.04856
1.05006
1.05154
1.05303
1.05451
1.05598
1.05745
1.0589
1.06034
1.06177
1.06318
1.06457
1.06595
1.06731
1.06865
1.06997
1.07126
1.07254
1.0738
1.07503
1.07624
1.07742
1.07858
1.07972
1.08084
1.08193
1.083
1.08404
1.08506
1.08606
1.08703
1.08799
1.08891
1.08982
1.0907
1.09156
1.0924
1.09322
1.09401
1.09479
1.09554
1.09628
1.09699
1.09769
1.09837
1.09902
1.09966
1.10028
1.10089
1.10147
1.10204
1.10259
1.10312
1.10363
1.10413
1.10461
1.10507
1.10552
1.10595
1.10636
1.10675
1.10712
1.10748
1.10782
1.10814
1.10844
1.10872
1.10899
1.10923
1.10945
1.10966
1.10984
1.11
1.11014
1.11026
1.11036
1.11043
1.11048
1.1105
1.1105
1.11048
1.11042
1.11035
1.11024
1.11011
1.10996
1.10977
1.10956
1.10932
1.10904
1.10874
1.10842
1.10806
1.10767
1.10725
1.1068
1.10633
1.10582
1.10528
1.10472
1.10412
1.1035
1.10285
1.10216
1.10146
1.10072
1.09996
1.09917
1.09835
1.09752
1.09665
1.09577
1.09487
1.09394
1.093
1.09204
1.09106
1.09007
1.08907
1.08806
1.08704
1.08601
1.08497
1.08393
1.08289
1.08185
1.08082
1.07978
1.07876
1.07774
1.07673
1.07573
1.07475
1.07379
1.07284
1.07192
1.07101
1.07014
1.06929
1.06847
1.06767
1.06692
1.06619
1.06551
1.06486
1.06425
1.06368
1.06315
1.06266
1.06222
1.06183
1.06148
1.06117
1.06092
1.06071
1.06054
1.06043
1.06036
1.06034
1.06037
1.06044
1.06056
1.06072
1.06092
1.06117
1.06146
1.06179
1.06215
1.06256
1.06299
1.06346
1.06396
1.06449
1.06505
1.06563
1.06624
1.06687
1.06751
1.06817
1.06885
1.06954
1.07023
1.07094
1.07164
1.07236
1.07307
1.07378
1.07448
1.07518
1.07587
1.07656
1.07723
1.07788
1.07853
1.07915
1.07976
1.08035
1.08092
1.08146
1.08199
1.08248
1.08296
1.0834
1.08382
1.08421
1.08458
1.08491
1.08521
1.08549
1.08573
1.08594
1.08612
1.08627
1.08639
1.08648
1.08653
1.08656
1.08655
1.08651
1.08645
1.08635
1.08622
1.08607
1.08589
1.08568
1.08544
1.08518
1.0849
1.08458
1.08425
1.08389
1.08352
1.08312
1.0827
1.08226
1.08181
1.08134
1.08085
1.08035
1.07984
1.07932
1.07878
1.07824
1.07768
1.07712
1.07655
1.07598
1.0754
1.07482
1.07424
1.07366
1.07307
1.07249
1.07191
1.07134
1.07077
1.0702
1.06964
1.06908
1.06854
1.068
1.06747
1.06695
1.06644
1.06595
1.06546
1.06499
1.06454
1.0641
1.06367
1.06326
1.06286
1.06249
1.06213
1.06178
1.06146
1.06115
1.06087
1.0606
1.06035
1.06013
1.05992
1.05974
1.05958
1.05944
1.05932
1.05922
1.05915
1.0591
1.05907
1.05907
1.05909
1.05913
1.0592
1.05929
1.05941
1.05955
1.05972
1.05991
1.06012
1.06036
1.06062
1.06091
1.06122
1.06156
1.06191
1.0623
1.0627
1.06313
1.06359
1.06406
1.06456
1.06508
1.06562
1.06618
1.06676
1.06736
1.06798
1.06862
1.06928
1.06996
1.07065
1.07136
1.07209
1.07283
1.07358
1.07434
1.07512
1.07591
1.07671
1.07751
1.07833
1.07915
1.07998
1.08081
1.08165
1.08248
1.08332
1.08417
1.08501
1.08584
1.08668
1.08751
1.08834
1.08916
1.08997
1.09077
1.09156
1.09234
1.09311
1.09386
1.09459
1.09531
1.09602
1.0967
1.09736
1.098
1.09862
1.09922
1.09979
1.10033
1.10085
1.10133
1.10179
1.10222
1.10261
1.10298
1.10331
1.1036
1.10386
1.10409
1.10427
1.10442
1.10454
1.10461
1.10465
1.10465
1.1046
1.10452
1.10441
1.10425
1.10405
1.10382
1.10355
1.10324
1.1029
1.10252
1.10211
1.10166
1.10118
1.10068
1.10014
1.09958
1.099
1.0984
1.09777
1.09714
1.09648
1.09582
1.09515
1.09448
1.0938
1.09313
1.09247
1.09181
1.09117
1.09054
1.08994
1.08935
1.08879
1.08827
1.08777
1.08731
1.08689
1.08651
1.08617
1.08587
1.08563
1.08543
1.08527
1.08517
1.08512
1.08512
1.08517
1.08526
1.08541
1.0856
1.08584
1.08612
1.08644
1.0868
1.08719
1.08761
1.08807
1.08855
1.08905
1.08958
1.09011
1.09066
1.09122
1.09178
1.09234
1.0929
1.09345
1.09399
1.09452
1.09503
1.09552
1.09598
1.09642
1.09684
1.09722
1.09757
1.09788
1.09816
1.09839
1.09859
1.09875
1.09886
1.09893
1.09895
1.09893
1.09886
1.09874
1.09858
1.09836
1.0981
1.0978
1.09745
1.09705
1.09661
1.09612
1.09558
1.09501
1.09439
1.09373
1.09303
1.09229
1.09152
1.09071
1.08986
1.08898
1.08807
1.08714
1.08617
1.08517
1.08416
1.08312
1.08206
1.08098
1.07988
1.07877
1.07765
1.07652
1.07538
1.07423
1.07308
1.07193
1.07078
1.06963
1.06848
1.06734
1.06621
1.06509
1.06398
1.06288
1.0618
1.06074
1.0597
1.05867
1.05767
1.05669
1.05574
1.05481
1.05391
1.05304
1.0522
1.05139
1.05061
1.04987
1.04915
1.09961
1.09889
1.09819
1.09753
1.09689
1.09628
1.0957
1.09515
1.09462
1.09413
1.09366
1.09322
1.09281
1.09242
1.09206
1.09173
1.09141
1.09112
1.09086
1.09061
1.09038
1.09017
1.08998
1.0898
1.08963
1.08948
1.08934
1.0892
1.08907
1.08895
1.08882
1.0887
1.08858
1.08845
1.08832
1.08817
1.08802
1.08785
1.08767
1.08748
1.08726
1.08702
1.08676
1.08648
1.08616
1.08582
1.08545
1.08505
1.08461
1.08414
1.08363
1.08308
1.08249
1.08187
1.0812
1.08048
1.07973
1.07893
1.07809
1.0772
1.07627
1.0753
1.07428
1.07321
1.07211
1.07096
1.06977
1.06853
1.06726
1.06594
1.06459
1.0632
1.06178
1.06032
1.05883
1.05732
1.05577
1.0542
1.05261
1.051
1.04938
1.04773
1.04608
1.04442
1.04275
1.04108
1.03941
1.03774
1.03608
1.03443
1.03279
1.03118
1.02958
1.028
1.02646
1.02494
1.02347
1.02202
1.02063
1.01927
1.01797
1.01672
1.01553
1.01439
1.01332
1.01232
1.01138
1.01052
1.00973
1.00901
1.00838
1.00783
1.00736
1.00698
1.00669
1.00648
1.00637
1.00634
1.00641
1.00657
1.00682
1.00716
1.00759
1.00811
1.00872
1.00942
1.01021
1.01108
1.01203
1.01306
1.01417
1.01536
1.01661
1.01793
1.01931
1.02075
1.02225
1.0238
1.0254
1.02703
1.02871
1.03042
1.03216
1.03392
1.03569
1.03749
1.03929
1.04109
1.0429
1.0447
1.04648
1.04826
1.05001
1.05174
1.05344
1.05511
1.05675
1.05834
1.0599
1.0614
1.06286
1.06427
1.06562
1.06692
1.06816
1.06934
1.07045
1.0715
1.07249
1.07341
1.07427
1.07505
1.07577
1.07642
1.077
1.07751
1.07795
1.07833
1.07863
1.07887
1.07903
1.07913
1.07916
1.07913
1.07903
1.07887
1.07865
1.07836
1.07801
1.07761
1.07714
1.07662
1.07604
1.07541
1.07473
1.07399
1.07321
1.07237
1.07149
1.07056
1.06959
1.06857
1.06752
1.06642
1.06529
1.06412
1.06292
1.06169
1.06043
1.05914
1.05782
1.05648
1.05512
1.05374
1.05234
1.05093
1.0495
1.04807
1.04662
1.04517
1.04371
1.04226
1.04081
1.03936
1.03791
1.03648
1.03506
1.03365
1.03226
1.03089
1.02954
1.02821
1.02691
1.02564
1.02439
1.02318
1.02201
1.02087
1.01977
1.01871
1.01769
1.01672
1.01579
1.01491
1.01407
1.01328
1.01254
1.01186
1.01122
1.01063
1.01009
1.00961
1.00917
1.00879
1.00846
1.00817
1.00793
1.00775
1.00761
1.00751
1.00746
1.00746
1.0075
1.00758
1.0077
1.00785
1.00804
1.00827
1.00853
1.00881
1.00913
1.00947
1.00983
1.01022
1.01062
1.01105
1.01148
1.01194
1.0124
1.01288
1.01336
1.01385
1.01434
1.01483
1.01533
1.01582
1.01632
1.01681
1.01729
1.01777
1.01825
1.01871
1.01917
1.01963
1.02007
1.0205
1.02092
1.02133
1.02174
1.02212
1.0225
1.02287
1.02323
1.02357
1.02391
1.02423
1.02454
1.02484
1.02512
1.0254
1.02567
1.02592
1.02616
1.02639
1.02661
1.02682
1.02702
1.02721
1.02738
1.02754
1.02769
1.02783
1.02795
1.02806
1.02815
1.02823
1.02829
1.02834
1.02837
1.02839
1.02839
1.02837
1.02834
1.02829
1.02821
1.02812
1.02801
1.02788
1.02773
1.02755
1.02736
1.02714
1.0269
1.02664
1.02635
1.02604
1.02571
1.02535
1.02497
1.02456
1.02413
1.02367
1.02319
1.02268
1.02215
1.0216
1.02102
1.02041
1.01978
1.01913
1.01845
1.01774
1.01702
1.01627
1.0155
1.0147
1.01389
1.01305
1.0122
1.01132
1.01043
1.00952
1.0086
1.00766
1.00671
1.00575
1.00478
1.0038
1.00281
1.00182
1.00082
0.999828
0.998834
0.997844
0.996859
0.995882
0.994916
0.993963
0.993025
0.992104
0.991203
0.990326
0.989474
0.988649
0.987855
0.987093
0.986366
0.985677
0.985028
0.984421
0.983858
0.983342
0.982875
0.982459
0.982095
0.981786
0.981532
0.981335
0.981196
0.981116
0.981097
0.981138
0.98124
0.981404
0.981628
0.981912
0.982257
0.98266
0.983121
0.983638
0.984211
0.984836
0.985512
0.986237
0.987008
0.987823
0.988678
0.98957
0.990497
0.991453
0.992438
0.993446
0.994475
0.995522
0.996582
0.997653
0.998731
0.999812
1.00089
1.00197
1.00305
1.00412
1.00518
1.00622
1.00726
1.00827
1.00927
1.01025
1.01121
1.01214
1.01305
1.01394
1.01481
1.01565
1.01646
1.01725
1.01802
1.01876
1.01947
1.02017
1.02083
1.02148
1.0221
1.0227
1.02328
1.02384
1.02437
1.02489
1.0254
1.02588
1.02635
1.0268
1.02724
1.02766
1.02806
1.02846
1.02884
1.02921
1.02956
1.02991
1.03025
1.03057
1.03089
1.03119
1.03149
1.03178
1.03205
1.03232
1.03258
1.03284
1.03308
1.03332
1.03355
1.03377
1.03399
1.03419
1.0344
1.03459
1.03478
1.03496
1.03513
1.0353
1.03547
1.03563
1.03578
1.03594
1.03609
1.03624
1.03638
1.03653
1.03668
1.03683
1.03698
1.03713
1.03729
1.03745
1.03763
1.0378
1.03799
1.03819
1.0384
1.03862
1.03885
1.0391
1.03937
1.03965
1.03995
1.04027
1.04061
1.04097
1.04135
1.04176
1.04219
1.04264
1.04312
1.04362
1.04415
1.04471
1.04529
1.0459
1.04653
1.0472
1.04788
1.04859
1.04933
1.05009
1.05088
1.05169
1.05252
1.05338
1.05425
1.05515
1.05606
1.057
1.05794
1.05891
1.05989
1.06088
1.06189
1.0629
1.06392
1.06495
1.06599
1.06703
1.06808
1.06913
1.07018
1.07123
1.07228
1.07334
1.07438
1.07543
1.07647
1.0775
1.07853
1.07955
1.08057
1.08157
1.08257
1.08356
1.08454
1.08552
1.08648
1.08744
1.08838
1.08932
1.09025
1.09117
1.09208
1.09298
1.09387
1.09475
1.09563
1.09649
1.09735
1.0982
1.09905
1.09989
1.10072
1.10155
1.10237
1.10319
1.104
1.10481
1.10561
1.10641
1.10721
1.108
1.1088
1.10958
1.11037
1.11116
1.11194
1.11272
1.11351
1.11429
1.11507
1.11586
1.11664
1.11743
1.11822
1.11902
1.11982
1.12062
1.12143
1.12224
1.12306
1.12388
1.12471
1.12555
1.1264
1.12726
1.12812
1.129
1.12989
1.13079
1.1317
1.13263
1.13357
1.13453
1.1355
1.13648
1.13749
1.13851
1.13954
1.1406
1.14167
1.14276
1.14387
1.145
1.14615
1.14731
1.14849
1.14969
1.15091
1.15214
1.15339
1.15466
1.15594
1.15724
1.15855
1.15987
1.1612
1.16255
1.1639
1.16527
1.16663
1.16801
1.16939
1.17077
1.17215
1.17353
1.17491
1.17628
1.17765
1.17901
1.18036
1.18169
1.18301
1.18431
1.18559
1.18685
1.18808
1.18928
1.19046
1.19161
1.19272
1.19379
1.19482
1.19581
1.19676
1.19766
1.19851
1.19931
1.20005
1.20074
1.20137
1.20194
1.20244
1.20289
1.20326
1.20357
1.20381
1.20397
1.20406
1.20408
1.20402
1.20389
1.20367
1.20338
1.20301
1.20255
1.20202
1.2014
1.2007
1.19992
1.19906
1.19811
1.19708
1.19598
1.19479
1.19353
1.19218
1.19076
1.18926
1.18769
1.18604
1.18433
1.18254
1.18068
1.17876
1.17678
1.17473
1.17263
1.17047
1.16826
1.16599
1.16368
1.16132
1.15893
1.15649
1.15402
1.15151
1.14898
1.14643
1.14385
1.14126
1.13866
1.13604
1.13343
1.13081
1.12819
1.12559
1.123
1.12042
1.11787
1.11534
1.11284
1.11038
1.10796
1.10559
1.10326
1.10099
1.09877
1.09662
1.09454
1.09253
1.0906
1.08874
1.08698
1.0853
1.08371
1.08222
1.08083
1.07954
1.07836
1.07729
1.07633
1.07548
1.07475
1.07414
1.07365
1.07328
1.07303
1.0729
1.07289
1.07301
1.07325
1.07362
1.0741
1.0747
1.07542
1.07626
1.0772
1.07826
1.07943
1.0807
1.08207
1.08354
1.08511
1.08676
1.0885
1.09032
1.09222
1.09419
1.09623
1.09833
1.10049
1.1027
1.10496
1.10726
1.1096
1.11198
1.11438
1.1168
1.11924
1.1217
1.12416
1.12663
1.12909
1.13156
1.13401
1.13645
1.13888
1.14128
1.14366
1.14601
1.14834
1.15063
1.15288
1.15509
1.15726
1.15939
1.16147
1.16351
1.16549
1.16743
1.16931
1.17114
1.17291
1.17463
1.17629
1.1779
1.17945
1.18095
1.18239
1.18377
1.18509
1.18636
1.18758
1.18874
1.18985
1.19091
1.19191
1.19286
1.19377
1.19462
1.19543
1.1962
1.19692
1.1976
1.19823
1.19883
1.19939
1.19991
1.2004
1.20085
1.20128
1.20167
1.20203
1.20237
1.20268
1.20297
1.20323
1.20348
1.2037
1.2039
1.20409
1.20425
1.20441
1.20454
1.20467
1.20478
1.20488
1.20497
1.20505
1.20512
1.20518
1.20524
1.20529
1.20533
1.20536
1.20539
1.20541
1.20542
1.20544
1.20544
1.20544
1.20544
1.20542
1.20541
1.20538
1.20535
1.20532
1.20527
1.20522
1.20516
1.20509
1.20501
1.20492
1.20482
1.2047
1.20458
1.20444
1.20429
1.20412
1.20393
1.20372
1.2035
1.20326
1.20299
1.2027
1.20239
1.20205
1.20169
1.20131
1.20089
1.20045
1.19998
1.19947
1.19894
1.19837
1.19777
1.19713
1.19647
1.19576
1.19502
1.19424
1.19343
1.19258
1.19168
1.19075
1.18978
1.18878
1.18773
1.18664
1.18551
1.18434
1.18313
1.18188
1.18059
1.17926
1.17789
1.17649
1.17504
1.17355
1.17203
1.17047
1.16887
1.16723
1.16556
1.16386
1.16212
1.16034
1.15854
1.1567
1.15483
1.15294
1.15101
1.14906
1.14709
1.14509
1.14307
1.14103
1.13897
1.13689
1.1348
1.1327
1.13059
1.12846
1.12634
1.1242
1.12207
1.11993
1.1178
1.11568
1.11356
1.11146
1.10936
1.10729
1.10523
1.10319
1.10117
1.09918
1.09722
1.09529
1.09339
1.09153
1.0897
1.08792
1.09908
1.09731
1.09559
1.09391
1.09228
1.0907
1.08917
1.0877
1.08627
1.08491
1.08359
1.08234
1.08114
1.07999
1.07891
1.07788
1.07691
1.076
1.07514
1.07435
1.07361
1.07292
1.0723
1.07172
1.07121
1.07075
1.07034
1.06998
1.06968
1.06942
1.06922
1.06907
1.06897
1.06891
1.06891
1.06895
1.06903
1.06916
1.06934
1.06956
1.06982
1.07012
1.07046
1.07084
1.07127
1.07173
1.07223
1.07276
1.07334
1.07394
1.07459
1.07526
1.07597
1.07671
1.07748
1.07828
1.0791
1.07995
1.08083
1.08173
1.08266
1.0836
1.08457
1.08555
1.08655
1.08756
1.08858
1.08962
1.09066
1.09171
1.09276
1.09381
1.09486
1.09591
1.09695
1.09798
1.09901
1.10002
1.10101
1.10199
1.10295
1.10388
1.10479
1.10568
1.10653
1.10736
1.10815
1.10891
1.10963
1.11032
1.11096
1.11157
1.11213
1.11265
1.11312
1.11355
1.11394
1.11427
1.11456
1.11481
1.115
1.11515
1.11525
1.11531
1.11531
1.11528
1.11519
1.11506
1.11489
1.11468
1.11443
1.11413
1.1138
1.11343
1.11303
1.11259
1.11212
1.11163
1.11111
1.11057
1.11
1.10942
1.10882
1.1082
1.10758
1.10695
1.10631
1.10568
1.10504
1.10441
1.10378
1.10317
1.10257
1.10198
1.10142
1.10088
1.10036
1.09987
1.09941
1.09898
1.09859
1.09823
1.09792
1.09764
1.09741
1.09723
1.09709
1.09699
1.09695
1.09695
1.097
1.09711
1.09726
1.09747
1.09772
1.09802
1.09837
1.09877
1.09922
1.09971
1.10025
1.10082
1.10144
1.1021
1.10279
1.10352
1.10428
1.10507
1.10589
1.10674
1.10761
1.10851
1.10942
1.11035
1.1113
1.11227
1.11324
1.11423
1.11523
1.11623
1.11725
1.11826
1.11929
1.12031
1.12134
1.12237
1.1234
1.12444
1.12547
1.12651
1.12755
1.12859
1.12963
1.13068
1.13173
1.13278
1.13383
1.1349
1.13596
1.13704
1.13812
1.13921
1.14032
1.14143
1.14256
1.1437
1.14485
1.14602
1.14721
1.14842
1.14964
1.15089
1.15215
1.15344
1.15474
1.15607
1.15742
1.1588
1.16019
1.16161
1.16306
1.16452
1.16601
1.16752
1.16905
1.1706
1.17217
1.17376
1.17537
1.17699
1.17862
1.18027
1.18192
1.18359
1.18526
1.18693
1.18861
1.19029
1.19196
1.19363
1.19529
1.19694
1.19858
1.2002
1.20181
1.20339
1.20494
1.20647
1.20797
1.20944
1.21087
1.21227
1.21362
1.21493
1.21619
1.2174
1.21856
1.21966
1.22071
1.22171
1.22264
1.2235
1.22431
1.22504
1.22571
1.2263
1.22683
1.22728
1.22766
1.22796
1.22819
1.22834
1.22841
1.22841
1.22832
1.22816
1.22792
1.22761
1.22721
1.22674
1.22619
1.22557
1.22487
1.2241
1.22326
1.22235
1.22136
1.22031
1.2192
1.21802
1.21679
1.21549
1.21414
1.21274
1.21129
1.20979
1.20824
1.20666
1.20503
1.20338
1.20169
1.19997
1.19823
1.19647
1.19469
1.19289
1.19109
1.18928
1.18746
1.18565
1.18384
1.18203
1.18024
1.17846
1.17669
1.17494
1.17322
1.17152
1.16985
1.16821
1.1666
1.16502
1.16348
1.16198
1.16052
1.1591
1.15772
1.15639
1.1551
1.15386
1.15267
1.15152
1.15042
1.14937
1.14837
1.14742
1.14651
1.14566
1.14484
1.14408
1.14336
1.14269
1.14206
1.14147
1.14093
1.14043
1.13996
1.13954
1.13915
1.1388
1.13848
1.13819
1.13793
1.1377
1.13751
1.13733
1.13718
1.13706
1.13695
1.13686
1.1368
1.13675
1.13671
1.13669
1.13668
1.13668
1.13669
1.1367
1.13673
1.13676
1.13679
1.13683
1.13687
1.13691
1.13695
1.13699
1.13703
1.13706
1.13709
1.13712
1.13715
1.13717
1.13718
1.13718
1.13718
1.13718
1.13716
1.13714
1.1371
1.13706
1.13701
1.13695
1.13689
1.13681
1.13672
1.13662
1.13652
1.1364
1.13628
1.13615
1.13601
1.13586
1.1357
1.13554
1.13537
1.13519
1.13501
1.13482
1.13463
1.13443
1.13423
1.13403
1.13383
1.13363
1.13343
1.13323
1.13304
1.13284
1.13266
1.13248
1.1323
1.13214
1.13199
1.13185
1.13172
1.13161
1.13151
1.13143
1.13137
1.13133
1.13132
1.13132
1.13135
1.1314
1.13148
1.13159
1.13173
1.13189
1.13209
1.13232
1.13257
1.13286
1.13318
1.13354
1.13392
1.13434
1.13478
1.13526
1.13577
1.13631
1.13687
1.13747
1.13809
1.13873
1.1394
1.14009
1.1408
1.14153
1.14228
1.14305
1.14383
1.14461
1.14541
1.14622
1.14703
1.14784
1.14866
1.14947
1.15028
1.15109
1.15188
1.15267
1.15345
1.1542
1.15495
1.15567
1.15638
1.15706
1.15771
1.15834
1.15895
1.15952
1.16006
1.16056
1.16103
1.16146
1.16185
1.1622
1.16251
1.16277
1.16299
1.16315
1.16327
1.16334
1.16335
1.16332
1.16322
1.16307
1.16287
1.1626
1.16228
1.1619
1.16146
1.16096
1.1604
1.15979
1.15911
1.15837
1.15757
1.15672
1.1558
1.15484
1.15381
1.15274
1.15161
1.15044
1.14922
1.14796
1.14666
1.14533
1.14397
1.14257
1.14116
1.13973
1.13828
1.13683
1.13538
1.13393
1.13248
1.13106
1.12965
1.12827
1.12692
1.1256
1.12434
1.12312
1.12195
1.12084
1.1198
1.11882
1.11792
1.11709
1.11634
1.11567
1.11509
1.11459
1.11418
1.11385
1.11362
1.11348
1.11343
1.11346
1.11359
1.1138
1.11409
1.11447
1.11493
1.11547
1.11608
1.11677
1.11753
1.11835
1.11924
1.1202
1.12121
1.12227
1.12339
1.12455
1.12576
1.12702
1.12831
1.12964
1.131
1.1324
1.13382
1.13527
1.13674
1.13823
1.13973
1.14126
1.1428
1.14435
1.1459
1.14746
1.14903
1.1506
1.15217
1.15373
1.15529
1.15685
1.15839
1.15992
1.16144
1.16295
1.16443
1.1659
1.16734
1.16877
1.17016
1.17153
1.17286
1.17417
1.17544
1.17667
1.17787
1.17903
1.18014
1.18121
1.18223
1.18321
1.18414
1.18501
1.18583
1.1866
1.18731
1.18796
1.18855
1.18909
1.18955
1.18996
1.1903
1.19057
1.19078
1.19092
1.191
1.191
1.19094
1.19081
1.1906
1.19033
1.18999
1.18957
1.18909
1.18854
1.18792
1.18723
1.18647
1.18564
1.18476
1.1838
1.18278
1.1817
1.18056
1.17936
1.1781
1.17678
1.17541
1.17398
1.1725
1.17098
1.1694
1.16778
1.16612
1.16442
1.16267
1.16089
1.15908
1.15724
1.15537
1.15347
1.15154
1.1496
1.14764
1.14565
1.14366
1.14166
1.13964
1.13762
1.1356
1.13358
1.13155
1.12953
1.12752
1.12552
1.12352
1.12154
1.11957
1.11762
1.11569
1.11379
1.1119
1.11005
1.10822
1.10642
1.10465
1.10292
1.10122
1.09956
1.09794
1.09636
1.09482
1.09333
1.09188
1.09048
1.08913
1.08784
1.08659
1.0854
1.08427
1.08319
1.08218
1.08122
1.08033
1.0795
1.07873
1.07803
1.0774
1.07683
1.07634
1.07592
1.07557
1.07529
1.07509
1.07496
1.07491
1.07494
1.07505
1.07523
1.0755
1.07585
1.07627
1.07678
1.07736
1.07802
1.07877
1.07959
1.08048
1.08146
1.08251
1.08364
1.08483
1.0861
1.08744
1.08885
1.09033
1.09186
1.09346
1.09512
1.09683
1.09859
1.10041
1.10227
1.10418
1.10613
1.10812
1.11015
1.1122
1.11429
1.1164
1.11854
1.1207
1.12288
1.12507
1.12727
1.12948
1.1317
1.13392
1.13614
1.13836
1.14058
1.14279
1.145
1.14719
1.14937
1.15154
1.15369
1.15583
1.15795
1.16005
1.16213
1.16419
1.16623
1.16824
1.17023
1.17219
1.17413
1.17604
1.17793
1.17979
1.18162
1.18342
1.1852
1.18694
1.18866
1.19035
1.19201
1.19364
1.19524
1.19681
1.19834
1.19985
1.20132
1.20276
1.20417
1.20555
1.20689
1.2082
1.20948
1.21072
1.21192
1.21309
1.21422
1.21531
1.21636
1.21738
1.21835
1.21928
1.22017
1.22102
1.22182
1.22258
1.22329
1.22396
1.22457
1.22514
1.22566
1.22612
1.22654
1.2269
1.22721
1.22746
1.22765
1.22779
1.22788
1.2279
1.22787
1.22777
1.22762
1.2274
1.22712
1.22678
1.22637
1.22591
1.22538
1.22479
1.22413
1.22341
1.22263
1.22179
1.22089
1.21992
1.2189
1.21782
1.21667
1.21548
1.21422
1.21291
1.21155
1.21013
1.20867
1.20715
1.20559
1.20399
1.20235
1.20066
1.19894
1.19719
1.1954
1.19359
1.19175
1.18988
1.188
1.1861
1.18419
1.18227
1.18035
1.17842
1.17649
1.17457
1.17266
1.17076
1.16887
1.16701
1.16517
1.16336
1.16158
1.15983
1.15812
1.15646
1.15484
1.15327
1.15176
1.1503
1.14889
1.14756
1.14628
1.14507
1.14393
1.14286
1.14187
1.14095
1.14011
1.13934
1.13866
1.13805
1.13753
1.13709
1.13673
1.13646
1.13626
1.13615
1.13611
1.13616
1.13629
1.13649
1.13677
1.13712
1.13754
1.13804
1.1386
1.13923
1.13992
1.14066
1.14147
1.14233
1.14324
1.14419
1.14519
1.14623
1.1473
1.14841
1.14954
1.1507
1.15189
1.15309
1.1543
1.15552
1.15675
1.15799
1.15922
1.16044
1.16166
1.16287
1.16407
1.16524
1.1664
1.16753
1.16863
1.16971
1.17075
1.17176
1.17273
1.17366
1.17455
1.17539
1.17619
1.17695
1.17765
1.1783
1.17891
1.17946
1.17995
1.1804
1.18079
1.18112
1.1814
1.18163
1.1818
1.18192
1.18198
1.18199
1.18194
1.18184
1.1817
1.1815
1.18125
1.18095
1.1806
1.18021
1.17977
1.17929
1.17877
1.17822
1.17762
1.17699
1.17632
1.17563
1.1749
1.17415
1.17337
1.17257
1.17174
1.1709
1.17005
1.16918
1.16829
1.1674
1.1665
1.16559
1.16469
1.16377
1.16286
1.16196
1.16105
1.16016
1.15927
1.15839
1.15753
1.15668
1.15584
1.09956
1.09872
1.09791
1.09713
1.09638
1.09566
1.09497
1.09431
1.09369
1.0931
1.09254
1.09202
1.09154
1.09109
1.09068
1.0903
1.08996
1.08966
1.08939
1.08916
1.08897
1.08881
1.08869
1.08861
1.08856
1.08855
1.08857
1.08862
1.0887
1.08882
1.08897
1.08915
1.08936
1.0896
1.08987
1.09017
1.09049
1.09084
1.09121
1.0916
1.09202
1.09246
1.09293
1.09341
1.09391
1.09442
1.09496
1.0955
1.09607
1.09664
1.09723
1.09783
1.09844
1.09905
1.09968
1.10031
1.10095
1.10159
1.10223
1.10288
1.10353
1.10418
1.10482
1.10547
1.10611
1.10675
1.10738
1.10801
1.10863
1.10924
1.10984
1.11043
1.11101
1.11158
1.11213
1.11268
1.1132
1.11371
1.11421
1.11468
1.11514
1.11558
1.11601
1.11641
1.1168
1.11716
1.1175
1.11783
1.11812
1.1184
1.11866
1.11889
1.1191
1.11929
1.11945
1.11959
1.11971
1.11981
1.11988
1.11993
1.11995
1.11996
1.11994
1.1199
1.11983
1.11975
1.11964
1.11952
1.11937
1.11921
1.11902
1.11882
1.1186
1.11836
1.11811
1.11784
1.11755
1.11726
1.11695
1.11662
1.11629
1.11594
1.11559
1.11522
1.11485
1.11446
1.11408
1.11368
1.11328
1.11288
1.11247
1.11206
1.11164
1.11123
1.11081
1.11039
1.10998
1.10956
1.10915
1.10875
1.10834
1.10794
1.10754
1.10715
1.10676
1.10638
1.10601
1.10564
1.10527
1.10491
1.10456
1.10422
1.10388
1.10354
1.10322
1.1029
1.10259
1.10228
1.10198
1.10168
1.10138
1.10109
1.10081
1.10053
1.10024
1.09996
1.09969
1.09941
1.09913
1.09885
1.09856
1.09827
1.09798
1.09769
1.09739
1.09708
1.09676
1.09644
1.09611
1.09576
1.09541
1.09504
1.09466
1.09426
1.09385
1.09342
1.09298
1.09251
1.09203
1.09153
1.09101
1.09047
1.08991
1.08932
1.08871
1.08808
1.08743
1.08675
1.08605
1.08533
1.08458
1.0838
1.083
1.08218
1.08133
1.08046
1.07956
1.07864
1.0777
1.07673
1.07574
1.07472
1.07369
1.07264
1.07156
1.07047
1.06935
1.06822
1.06707
1.06591
1.06473
1.06353
1.06232
1.0611
1.05986
1.05862
1.05736
1.0561
1.05483
1.05355
1.05226
1.05097
1.04967
1.04837
1.04707
1.04576
1.04445
1.04314
1.04184
1.04053
1.03922
1.03791
1.0366
1.03529
1.03399
1.03269
1.03139
1.03009
1.0288
1.02751
1.02622
1.02493
1.02364
1.02236
1.02108
1.01981
1.01853
1.01726
1.01598
1.01471
1.01344
1.01217
1.01091
1.00964
1.00837
1.00711
1.00584
1.00458
1.00331
1.00204
1.00078
0.999515
0.998252
0.99699
0.995729
0.99447
0.993213
0.991959
0.990707
0.989458
0.988214
0.986974
0.985739
0.984511
0.983291
0.982079
0.980876
0.979685
0.978506
0.977339
0.976186
0.975048
0.973928
0.972826
0.971745
0.970685
0.96965
0.968639
0.967656
0.966703
0.965781
0.964892
0.964039
0.963223
0.962445
0.961708
0.961014
0.960364
0.959762
0.959207
0.958703
0.958252
0.957854
0.957513
0.957229
0.957004
0.956839
0.956736
0.956697
0.956721
0.95681
0.956965
0.957187
0.957476
0.957834
0.958258
0.95875
0.959308
0.959933
0.960623
0.961378
0.962196
0.963077
0.964019
0.965021
0.966079
0.967193
0.96836
0.969579
0.970847
0.972161
0.973518
0.974916
0.976351
0.97782
0.979321
0.98085
0.982406
0.983985
0.985583
0.987199
0.98883
0.990472
0.992124
0.993784
0.995448
0.997115
0.998783
1.00045
1.00211
1.00377
1.00543
1.00708
1.00872
1.01035
1.01197
1.01359
1.01519
1.01679
1.01837
1.01994
1.02151
1.02306
1.02461
1.02615
1.02768
1.0292
1.03072
1.03223
1.03374
1.03524
1.03675
1.03825
1.03975
1.04126
1.04277
1.04428
1.04579
1.04732
1.04884
1.05038
1.05192
1.05348
1.05504
1.05661
1.05819
1.05978
1.06139
1.063
1.06462
1.06626
1.0679
1.06955
1.07121
1.07288
1.07455
1.07623
1.07791
1.0796
1.08128
1.08296
1.08464
1.08632
1.08798
1.08964
1.09129
1.09292
1.09453
1.09613
1.0977
1.09925
1.10077
1.10227
1.10373
1.10515
1.10655
1.1079
1.10921
1.11048
1.1117
1.11287
1.11399
1.11506
1.11608
1.11704
1.11795
1.1188
1.11958
1.12031
1.12097
1.12157
1.12211
1.12259
1.123
1.12335
1.12363
1.12385
1.12401
1.12411
1.12415
1.12412
1.12404
1.12391
1.12372
1.12347
1.12318
1.12284
1.12245
1.12203
1.12156
1.12106
1.12052
1.11996
1.11937
1.11875
1.11812
1.11747
1.1168
1.11614
1.11546
1.11479
1.11412
1.11346
1.1128
1.11217
1.11155
1.11095
1.11037
1.10983
1.10931
1.10883
1.10838
1.10797
1.1076
1.10727
1.10698
1.10673
1.10653
1.10637
1.10626
1.1062
1.10617
1.1062
1.10626
1.10637
1.10653
1.10672
1.10695
1.10722
1.10753
1.10787
1.10825
1.10865
1.10908
1.10954
1.11003
1.11053
1.11105
1.11159
1.11215
1.11271
1.11329
1.11387
1.11445
1.11504
1.11563
1.11622
1.1168
1.11738
1.11795
1.11851
1.11906
1.11959
1.12011
1.12062
1.12111
1.12157
1.12202
1.12244
1.12284
1.12322
1.12357
1.12389
1.12419
1.12445
1.12469
1.1249
1.12507
1.12522
1.12533
1.12541
1.12546
1.12547
1.12544
1.12539
1.12529
1.12516
1.125
1.1248
1.12456
1.12429
1.12398
1.12363
1.12325
1.12283
1.12238
1.12189
1.12136
1.1208
1.12021
1.11958
1.11892
1.11822
1.1175
1.11674
1.11595
1.11514
1.1143
1.11343
1.11253
1.11161
1.11067
1.1097
1.10872
1.10772
1.1067
1.10567
1.10463
1.10357
1.10251
1.10144
1.10037
1.0993
1.09823
1.09716
1.09609
1.09504
1.09399
1.09296
1.09194
1.09094
1.08997
1.08902
1.08809
1.08719
1.08633
1.08549
1.0847
1.08394
1.08322
1.08254
1.08191
1.08133
1.08079
1.0803
1.07986
1.07948
1.07915
1.07887
1.07864
1.07848
1.07836
1.07831
1.0783
1.07836
1.07847
1.07863
1.07885
1.07911
1.07943
1.0798
1.08022
1.08068
1.08119
1.08174
1.08233
1.08296
1.08362
1.08432
1.08505
1.08581
1.08659
1.0874
1.08822
1.08907
1.08993
1.09081
1.09169
1.09259
1.09349
1.09439
1.09529
1.09619
1.09708
1.09797
1.09885
1.09972
1.10057
1.10141
1.10223
1.10304
1.10382
1.10458
1.10531
1.10602
1.1067
1.10736
1.10798
1.10857
1.10913
1.10966
1.11015
1.11061
1.11103
1.11142
1.11176
1.11207
1.11234
1.11257
1.11276
1.11292
1.11303
1.1131
1.11313
1.11313
1.11308
1.11299
1.11285
1.11268
1.11247
1.11222
1.11193
1.1116
1.11123
1.11082
1.11037
1.10988
1.10936
1.1088
1.1082
1.10757
1.1069
1.1062
1.10547
1.1047
1.10391
1.10308
1.10222
1.10134
1.10042
1.09949
1.09852
1.09754
1.09653
1.0955
1.09445
1.09338
1.09229
1.09119
1.09008
1.08895
1.08781
1.08667
1.08551
1.08435
1.08318
1.08201
1.08084
1.07967
1.0785
1.07733
1.07617
1.07501
1.07386
1.07272
1.07159
1.07047
1.06937
1.06827
1.0672
1.06614
1.06509
1.06407
1.06306
1.06208
1.06111
1.06017
1.05925
1.05835
1.05747
1.05662
1.05579
1.05499
1.05421
1.05346
1.05272
1.05202
1.05134
1.05068
1.05005
1.04944
1.04886
1.0483
1.04776
1.04725
1.04676
1.04629
1.04584
1.04542
1.04502
1.04464
1.04428
1.04394
1.04362
1.04332
1.04305
1.04279
1.04255
1.04234
1.04214
1.04197
1.04182
1.04168
1.04157
1.04148
1.04142
1.04137
1.04135
1.04136
1.04138
1.04144
1.04151
1.04162
1.04175
1.04192
1.04211
1.04233
1.04258
1.04287
1.04319
1.04355
1.04394
1.04437
1.04483
1.04533
1.04588
1.04646
1.04708
1.04774
1.04844
1.04919
1.04997
1.05079
1.05166
1.05256
1.0535
1.05448
1.0555
1.05655
1.05764
1.05876
1.05992
1.06111
1.06232
1.06356
1.06483
1.06611
1.06742
1.06874
1.07008
1.07143
1.07279
1.07415
1.07552
1.07689
1.07825
1.07961
1.08096
1.0823
1.08362
1.08492
1.08621
1.08747
1.0887
1.08991
1.09109
1.09223
1.09334
1.0944
1.09543
1.09642
1.09737
1.09827
1.09913
1.09994
1.1007
1.10141
1.10208
1.10269
1.10326
1.10377
1.10423
1.10465
1.10501
1.10533
1.1056
1.10582
1.10599
1.10611
1.1062
1.10623
1.10623
1.10618
1.1061
1.10598
1.10582
1.10563
1.10541
1.10516
1.10489
1.10459
1.10426
1.10391
1.10355
1.10317
1.10277
1.10236
1.10195
1.10152
1.10109
1.10066
1.10023
1.09979
1.09936
1.09894
1.09853
1.09812
1.09772
1.09734
1.09697
1.09662
1.09629
1.09598
1.09568
1.09541
1.09516
1.09494
1.09473
1.09456
1.09441
1.09428
1.09419
1.09412
1.09407
1.09406
1.09407
1.0941
1.09416
1.09425
1.09436
1.09449
1.09465
1.09482
1.09502
1.09524
1.09547
1.09572
1.09599
1.09627
1.09657
1.09687
1.09719
1.09751
1.09784
1.09818
1.09852
1.09886
1.09921
1.09955
1.09989
1.10023
1.10057
1.10089
1.10122
1.10153
1.10184
1.10213
1.10242
1.10269
1.10295
1.1032
1.10343
1.10364
1.10384
1.10402
1.10418
1.10432
1.10444
1.10454
1.10461
1.10466
1.10469
1.10468
1.10466
1.1046
1.10452
1.1044
1.10426
1.10408
1.10388
1.10364
1.10336
1.10306
1.10272
1.10235
1.10194
1.10149
1.10102
1.10051
1.09996
1.09938
1.09877
1.09813
1.09746
1.09675
1.09602
1.09527
1.09449
1.09368
1.09286
1.09202
1.09116
1.09029
1.08941
1.08852
1.08763
1.08674
1.08586
1.08498
1.08411
1.08325
1.08241
1.08159
1.08079
1.08003
1.07929
1.07859
1.07794
1.07732
1.07675
