0.8
0.799916
0.799665
0.799248
0.798664
0.797914
0.797
0.79592
0.794677
0.793271
0.791703
0.789973
0.788082
0.786031
0.783822
0.781456
0.778933
0.776256
0.773426
0.770445
0.767314
0.764036
0.760612
0.757043
0.753332
0.749477
0.745484
0.741355
0.737089
0.732688
0.728154
0.723488
0.718693
0.713769
0.708719
0.703545
0.698249
0.692835
0.687303
0.681657
0.675899
0.670032
0.664057
0.65798
0.651803
0.645528
0.639159
0.6327
0.626152
0.619519
0.612805
0.606014
0.599149
0.592214
0.585213
0.57815
0.571029
0.563855
0.556632
0.549364
0.542055
0.534709
0.527332
0.519929
0.512503
0.505059
0.497603
0.49014
0.482673
0.475208
0.46775
0.460304
0.452875
0.445469
0.438089
0.430742
0.423433
0.416167
0.408949
0.401784
0.394677
0.387634
0.380658
0.373757
0.366933
0.360193
0.353541
0.346981
0.34052
0.33416
0.327907
0.321765
0.315738
0.309831
0.304046
0.298389
0.292863
0.287472
0.282218
0.277106
0.272139
0.267319
0.262649
0.258131
0.253769
0.249563
0.245517
0.241632
0.237909
0.234349
0.230955
0.227726
0.224663
0.221767
0.219038
0.216477
0.214083
0.211856
0.209796
0.207901
0.206172
0.204606
0.203202
0.20196
0.200877
0.199951
0.199181
0.198565
0.1981
0.197782
0.197611
0.197583
0.197696
0.197945
0.198329
0.198843
0.199485
0.20025
0.201136
0.202139
0.203255
0.20448
0.20581
0.207242
0.208772
0.210396
0.21211
0.213909
0.21579
0.217749
0.219781
0.221883
0.22405
0.226278
0.228564
0.230903
0.233293
0.235727
0.238204
0.240718
0.243266
0.245844
0.248449
0.251076
0.253722
0.256383
0.259057
0.26174
0.264428
0.267118
0.269807
0.272492
0.275169
0.277837
0.280493
0.283132
0.285754
0.288354
0.290931
0.293482
0.296006
0.298498
0.300958
0.303383
0.305771
0.308121
0.31043
0.312696
0.314919
0.317096
0.319227
0.32131
0.323342
0.325324
0.327253
0.32913
0.330952
0.332719
0.33443
0.336085
0.337682
0.339222
0.340703
0.342127
0.343491
0.344797
0.346043
0.34723
0.348356
0.349423
0.350431
0.351379
0.352267
0.353097
0.353869
0.354581
0.355236
0.355833
0.356372
0.356856
0.357284
0.357657
0.357976
0.35824
0.358452
0.358612
0.35872
0.358777
0.358785
0.358745
0.358657
0.358523
0.358343
0.35812
0.357854
0.357546
0.357198
0.356811
0.356386
0.355925
0.355428
0.354896
0.354333
0.353738
0.353113
0.35246
0.35178
0.351074
0.350344
0.349591
0.348817
0.348023
0.34721
0.346381
0.345536
0.344677
0.343806
0.342925
0.342035
0.341138
0.340234
0.339325
0.338412
0.337498
0.336582
0.335668
0.334756
0.333849
0.332947
0.332052
0.331165
0.330288
0.329423
0.32857
0.327732
0.326911
0.326106
0.325319
0.324552
0.323805
0.323081
0.32238
0.321704
0.321053
0.320429
0.319834
0.319268
0.318733
0.31823
0.31776
0.317324
0.316925
0.316561
0.316235
0.315946
0.315697
0.315487
0.315319
0.315193
0.315109
0.315069
0.315072
0.31512
0.315214
0.315354
0.315541
0.315775
0.316058
0.316389
0.316769
0.317199
0.317679
0.31821
0.318791
0.319424
0.320107
0.32084
0.321625
0.322461
0.323349
0.324288
0.325278
0.32632
0.327412
0.328555
0.329749
0.330991
0.332284
0.333626
0.335017
0.336455
0.337941
0.339475
0.341055
0.342681
0.344352
0.346068
0.347827
0.349629
0.351471
0.353353
0.355274
0.357233
0.359229
0.361259
0.363324
0.365421
0.36755
0.369708
0.371895
0.374108
0.376346
0.378609
0.380894
0.383201
0.385527
0.387871
0.39023
0.392604
0.394992
0.397391
0.399799
0.402215
0.404636
0.40706
0.409487
0.411914
0.414339
0.416761
0.419177
0.421587
0.423988
0.426379
0.428758
0.431123
0.433472
0.435804
0.438118
0.44041
0.44268
0.444926
0.447148
0.449343
0.45151
0.453648
0.455755
0.457828
0.459868
0.461872
0.46384
0.465771
0.467661
0.469512
0.471321
0.473088
0.474811
0.476489
0.478123
0.47971
0.48125
0.482743
0.484186
0.485581
0.486925
0.48822
0.489462
0.490653
0.491792
0.492878
0.493911
0.494889
0.495814
0.496684
0.497499
0.498261
0.498968
0.499621
0.500221
0.500766
0.501256
0.501693
0.502078
0.502409
0.502686
0.502909
0.503079
0.503197
0.503262
0.503277
0.50324
0.503153
0.503017
0.502832
0.502598
0.502317
0.50199
0.501617
0.501198
0.500736
0.500229
0.49968
0.49909
0.498459
0.497789
0.49708
0.496334
0.49555
0.494732
0.493879
0.492994
0.492077
0.49113
0.490153
0.489147
0.488114
0.487056
0.485972
0.484865
0.483736
0.482585
0.481415
0.480225
0.479017
0.477792
0.476551
0.475294
0.474024
0.472743
0.47145
0.470148
0.468837
0.467518
0.466193
0.464863
0.463528
0.46219
0.46085
0.45951
0.458169
0.456828
0.455489
0.454153
0.45282
0.451492
0.450168
0.44885
0.447538
0.446234
0.444938
0.44365
0.442371
0.441101
0.439842
0.438593
0.437356
0.436129
0.434915
0.433712
0.432523
0.431347
0.430185
0.429037
0.427903
0.426784
0.42568
0.424591
0.423517
0.422458
0.421415
0.420387
0.419376
0.41838
0.417399
0.416434
0.415485
0.414551
0.413635
0.412734
0.41185
0.410982
0.410129
0.409292
0.40847
0.407665
0.406876
0.406102
0.405344
0.404601
0.403873
0.403159
0.402461
0.401777
0.401108
0.400453
0.399814
0.39919
0.398579
0.397983
0.3974
0.396833
0.396279
0.395738
0.395211
0.394697
0.394197
0.39371
0.393237
0.392778
0.392332
0.3919
0.391483
0.391079
0.390689
0.390312
0.389948
0.389597
0.389259
0.388935
0.388624
0.388327
0.388044
0.387775
0.387519
0.387278
0.38705
0.386837
0.386639
0.386454
0.386284
0.386129
0.385988
0.385863
0.385752
0.385657
0.385576
0.385511
0.385461
0.385427
0.385409
0.385406
0.385419
0.385449
0.385495
0.385557
0.385636
0.385731
0.385844
0.385974
0.38612
0.386283
0.386462
0.386657
0.38687
0.387099
0.387345
0.387608
0.387887
0.388183
0.388495
0.388823
0.389167
0.389527
0.389902
0.390294
0.390701
0.391124
0.391562
0.392016
0.392486
0.39297
0.393468
0.393979
0.394504
0.395042
0.395593
0.396156
0.396732
0.397319
0.397918
0.398528
0.399149
0.399779
0.400419
0.401068
0.401725
0.40239
0.403062
0.403742
0.404427
0.405119
0.405816
0.406517
0.407223
0.407932
0.408644
0.409359
0.410075
0.410793
0.41151
0.412228
0.412944
0.413659
0.414371
0.415081
0.415787
0.416489
0.417187
0.41788
0.418567
0.419248
0.419923
0.420591
0.421251
0.421903
0.422547
0.423181
0.423806
0.424421
0.425026
0.425622
0.426206
0.426779
0.427341
0.427892
0.42843
0.428957
0.42947
0.429971
0.430459
0.430934
0.431396
0.431845
0.43228
0.432702
0.433111
0.433506
0.433887
0.434254
0.434609
0.43495
0.435277
0.435589
0.435887
0.436172
0.436442
0.436699
0.436941
0.437171
0.437386
0.437589
0.437779
0.437956
0.43812
0.438271
0.43841
0.438536
0.438649
0.43875
0.438839
0.438917
0.438982
0.439036
0.439079
0.439111
0.439132
0.439142
0.439141
0.439129
0.439106
0.439073
0.439028
0.438974
0.438908
0.438833
0.438749
0.438656
0.438553
0.438442
0.438321
0.438192
0.438055
0.437908
0.437753
0.43759
0.437418
0.437239
0.437052
0.436858
0.436655
0.436445
0.436229
0.436005
0.435774
0.435536
0.435293
0.435042
0.434785
0.434523
0.434255
0.433981
0.433702
0.433418
0.433128
0.432833
0.432533
0.432228
0.431918
0.431603
0.431283
0.430959
0.43063
0.430298
0.429963
0.429624
0.429282
0.428936
0.428587
0.428235
0.427882
0.427526
0.427168
0.426809
0.426448
0.426085
0.42572
0.425355
0.424989
0.424622
0.424255
0.423889
0.423522
0.423155
0.422788
0.422422
0.422056
0.42169
0.421326
0.420962
0.420599
0.420237
0.419877
0.419518
0.419162
0.418807
0.418455
0.418104
0.417756
0.417411
0.41707
0.416732
0.416398
0.416068
0.415742
0.415421
0.415103
0.414789
0.41448
0.414176
0.413877
0.413583
0.413295
0.413012
0.412736
0.412467
0.412204
0.411946
0.411695
0.41145
0.411211
0.410977
0.410751
0.41053
0.410316
0.410109
0.40991
0.409719
0.409535
0.409358
0.409188
0.409026
0.408873
0.408728
0.408592
0.408463
0.408343
0.408231
0.408127
0.408032
0.407946
0.407868
0.407799
0.407738
0.407686
0.407642
0.407607
0.407582
0.407565
0.407558
0.407561
0.407572
0.407593
0.407623
0.407661
0.407709
0.407766
0.407832
0.407907
0.407991
0.408084
0.408184
0.408293
0.40841
0.408533
0.408664
0.408802
0.408947
0.409099
0.409257
0.40942
0.409589
0.409763
0.409942
0.410126
0.410314
0.410505
0.410699
0.410895
0.411092
0.411291
0.41149
0.411688
0.411886
0.412082
0.412276
0.412468
0.412656
0.412841
0.413023
0.413199
0.41337
0.413534
0.413691
0.41384
0.413981
0.414112
0.414234
0.414345
0.414444
0.414532
0.414607
0.414669
0.414717
0.414752
0.414771
0.414776
0.414764
0.414737
0.414692
0.41463
0.41455
0.414451
0.414334
0.414197
0.41404
0.413863
0.413665
0.413447
0.413209
0.412949
0.412668
0.412366
0.412042
0.411696
0.411328
0.410938
0.410527
0.410093
0.409638
0.409162
0.408665
0.408147
0.407609
0.407051
0.406473
0.405875
0.405257
0.40462
0.403965
0.403293
0.402604
0.401899
0.401177
0.400441
0.399689
0.398924
0.398145
0.397355
0.396552
0.395737
0.394912
0.394078
0.393236
0.392386
0.391529
0.390666
0.389798
0.388926
0.388052
0.387176
0.386299
0.385423
0.384547
0.383674
0.382805
0.381941
0.381083
0.380231
0.379386
0.37855
0.377722
0.376905
0.376098
0.375302
0.374518
0.373749
0.372994
0.372254
0.37153
0.370822
0.37013
0.369457
0.368804
0.368169
0.367555
0.366961
0.366388
0.365836
0.365306
0.364798
0.364314
0.363853
0.363416
0.363002
0.362612
0.362246
0.361904
0.361586
0.361292
0.361023
0.360779
0.360558
0.360363
0.360191
0.360042
0.359918
0.359817
0.359739
0.359685
0.359655
0.359647
0.799971
0.799902
0.799755
0.799531
0.79923
0.79885
0.798393
0.797858
0.797246
0.796555
0.795785
0.794937
0.79401
0.793005
0.791923
0.790762
0.789523
0.788207
0.786814
0.785343
0.783796
0.782173
0.780475
0.778704
0.776859
0.774942
0.772952
0.770891
0.768758
0.766556
0.764285
0.761945
0.759539
0.757067
0.75453
0.751928
0.749266
0.746542
0.743758
0.740917
0.738018
0.735063
0.732052
0.728987
0.72587
0.722701
0.719482
0.716215
0.7129
0.70954
0.706136
0.702688
0.699199
0.695671
0.692105
0.688504
0.684868
0.6812
0.677501
0.673773
0.670017
0.666235
0.662428
0.658599
0.654748
0.650877
0.64699
0.643087
0.639169
0.635241
0.631304
0.627359
0.623408
0.619455
0.615499
0.611544
0.607591
0.603643
0.599702
0.59577
0.59185
0.587944
0.584053
0.580181
0.576329
0.572499
0.568695
0.564919
0.561173
0.55746
0.553782
0.55014
0.546539
0.54298
0.539466
0.535999
0.532583
0.52922
0.525912
0.522662
0.519473
0.516346
0.513285
0.510292
0.50737
0.50452
0.501745
0.499047
0.496429
0.493894
0.491444
0.489079
0.486803
0.484618
0.482525
0.480527
0.478624
0.476819
0.475112
0.473507
0.472004
0.470604
0.469308
0.468118
0.467034
0.466057
0.465189
0.46443
0.463779
0.463239
0.462808
0.462486
0.462274
0.462172
0.462179
0.462297
0.462523
0.462857
0.463298
0.463846
0.464498
0.465253
0.466111
0.467071
0.46813
0.469287
0.47054
0.471887
0.473327
0.474857
0.476475
0.478178
0.479964
0.481831
0.483777
0.485799
0.487894
0.49006
0.492294
0.494594
0.496958
0.49938
0.50186
0.504395
0.50698
0.509615
0.512295
0.515019
0.517782
0.520583
0.523418
0.526285
0.529182
0.532104
0.53505
0.538017
0.541002
0.544003
0.547017
0.550043
0.553077
0.556117
0.559161
0.562208
0.565255
0.568298
0.571338
0.574371
0.577395
0.580408
0.583408
0.586396
0.589367
0.592321
0.595258
0.598174
0.601069
0.603941
0.606789
0.609612
0.612408
0.615178
0.617919
0.620632
0.623317
0.625971
0.628595
0.631188
0.633747
0.636272
0.638763
0.641221
0.643643
0.64603
0.648382
0.650697
0.652975
0.655215
0.657418
0.659582
0.661708
0.663795
0.665844
0.667852
0.669821
0.671748
0.673635
0.675481
0.677285
0.679047
0.680767
0.682445
0.684082
0.685675
0.687226
0.688734
0.690198
0.691618
0.692995
0.694327
0.695615
0.696858
0.698055
0.699208
0.700315
0.701376
0.702392
0.703362
0.704286
0.705164
0.705996
0.70678
0.707518
0.70821
0.708854
0.709452
0.710004
0.71051
0.71097
0.711383
0.711749
0.71207
0.712344
0.712572
0.712754
0.71289
0.712982
0.713028
0.71303
0.712987
0.7129
0.71277
0.712598
0.712383
0.712127
0.711828
0.711489
0.71111
0.710693
0.710237
0.709746
0.709219
0.708657
0.70806
0.707429
0.706766
0.706071
0.705346
0.704593
0.703811
0.703003
0.70217
0.701315
0.700438
0.69954
0.698622
0.697688
0.696737
0.695772
0.694794
0.693804
0.692801
0.691789
0.690769
0.689742
0.68871
0.687674
0.686635
0.685596
0.684556
0.683517
0.682481
0.681449
0.680422
0.679402
0.67839
0.677387
0.676394
0.675413
0.674445
0.67349
0.672549
0.671623
0.670712
0.669816
0.668936
0.668075
0.66723
0.666404
0.665596
0.664807
0.664036
0.663285
0.662552
0.66184
0.661146
0.660472
0.659817
0.659182
0.658567
0.657972
0.657397
0.656844
0.65631
0.655797
0.655305
0.654833
0.654383
0.653954
0.653547
0.653163
0.652801
0.652462
0.652145
0.651851
0.651581
0.651333
0.65111
0.650911
0.650736
0.650587
0.650464
0.650367
0.650295
0.650248
0.650228
0.650234
0.650266
0.650325
0.65041
0.650521
0.650658
0.65082
0.651007
0.651219
0.651454
0.651712
0.651992
0.652293
0.652615
0.652956
0.653315
0.653689
0.654079
0.654481
0.654895
0.655319
0.655751
0.65619
0.656633
0.657078
0.657523
0.657967
0.658407
0.658843
0.659272
0.659692
0.660102
0.6605
0.660886
0.661256
0.661611
0.661949
0.662267
0.662565
0.662841
0.663094
0.663325
0.663532
0.663714
0.663872
0.664003
0.66411
0.66419
0.664246
0.664275
0.664277
0.664253
0.664202
0.664125
0.664022
0.663892
0.663737
0.663557
0.663354
0.663127
0.662878
0.662606
0.662312
0.661995
0.661657
0.661298
0.66092
0.660522
0.660106
0.65967
0.659217
0.658747
0.658261
0.657758
0.657241
0.656709
0.656164
0.655605
0.655031
0.654445
0.653846
0.653236
0.652615
0.651984
0.651342
0.650689
0.650025
0.649351
0.648668
0.647975
0.647272
0.646562
0.645844
0.645119
0.644386
0.643646
0.642898
0.642144
0.641383
0.640616
0.639841
0.639061
0.638276
0.637487
0.636693
0.635895
0.635092
0.634287
0.633478
0.632667
0.631853
0.631038
0.630221
0.629403
0.628584
0.627763
0.626943
0.626123
0.625303
0.624485
0.623668
0.622854
0.622041
0.621232
0.620425
0.619622
0.618823
0.61803
0.617242
0.616458
0.61568
0.614908
0.614141
0.613382
0.612629
0.611882
0.611143
0.610413
0.60969
0.608975
0.608268
0.607569
0.606877
0.606192
0.605516
0.604849
0.604191
0.60354
0.602898
0.602263
0.601637
0.60102
0.600412
0.599813
0.599222
0.598641
0.598069
0.597507
0.596956
0.596414
0.595884
0.595364
0.594857
0.594361
0.593879
0.593411
0.592957
0.592518
0.592094
0.591687
0.591297
0.590926
0.590574
0.590243
0.589934
0.589646
0.589383
0.589144
0.588932
0.588747
0.58859
0.588461
0.588363
0.588297
0.588266
0.588269
0.588306
0.588379
0.588489
0.588637
0.588824
0.58905
0.589316
0.589623
0.589973
0.590364
0.590797
0.591274
0.591795
0.592359
0.592967
0.593619
0.594315
0.595055
0.595838
0.596664
0.597532
0.598441
0.59939
0.600379
0.601406
0.602471
0.603571
0.604707
0.605876
0.607077
0.608309
0.60957
0.610857
0.612169
0.613504
0.614859
0.616232
0.617623
0.619028
0.620445
0.621871
0.623304
0.624743
0.626183
0.627623
0.629061
0.630493
0.631919
0.633334
0.634739
0.636128
0.637502
0.638857
0.640192
0.641505
0.642793
0.644054
0.645287
0.646488
0.647657
0.648793
0.649894
0.650957
0.651982
0.652966
0.65391
0.654812
0.65567
0.656484
0.657251
0.657971
0.658643
0.659267
0.659843
0.66037
0.660849
0.661277
0.661655
0.661982
0.662258
0.662484
0.66266
0.662785
0.662861
0.662888
0.662869
0.662801
0.662686
0.662525
0.662318
0.662067
0.661771
0.661433
0.661053
0.660633
0.660174
0.659677
0.659144
0.658576
0.657974
0.65734
0.656677
0.655984
0.655266
0.654521
0.653753
0.652963
0.652152
0.651322
0.650476
0.649616
0.648745
0.647862
0.64697
0.646071
0.645168
0.644261
0.643351
0.64244
0.641531
0.640626
0.639725
0.638829
0.637939
0.637058
0.636186
0.635324
0.634475
0.633638
0.632816
0.632009
0.631217
0.630443
0.629687
0.62895
0.628231
0.627531
0.626852
0.626193
0.625555
0.624937
0.624341
0.623765
0.62321
0.622677
0.622165
0.621674
0.621205
0.620757
0.62033
0.619925
0.61954
0.619176
0.618832
0.618509
0.618205
0.617923
0.617659
0.617414
0.617188
0.616981
0.616793
0.616623
0.616471
0.616337
0.616221
0.616122
0.616042
0.61598
0.615936
0.61591
0.615901
0.615909
0.615935
0.615979
0.616041
0.616121
0.616218
0.616333
0.616466
0.616618
0.61679
0.616982
0.617193
0.617425
0.617676
0.617948
0.618239
0.618551
0.618884
0.619237
0.619611
0.620006
0.620421
0.620858
0.621316
0.621795
0.622297
0.622821
0.623367
0.623934
0.624524
0.625134
0.625765
0.626417
0.627089
0.627782
0.628496
0.629228
0.62998
0.630751
0.631541
0.632349
0.633175
0.634018
0.634877
0.635752
0.636643
0.63755
0.638471
0.639407
0.640357
0.64132
0.642294
0.643281
0.64428
0.645291
0.646312
0.647343
0.648382
0.64943
0.650484
0.651544
0.65261
0.653682
0.654759
0.65584
0.656923
0.65801
0.659099
0.66019
0.661282
0.662374
0.663464
0.664553
0.66564
0.666723
0.667803
0.668881
0.669953
0.67102
0.672081
0.673136
0.674182
0.675219
0.676248
0.677268
0.678278
0.679276
0.680264
0.681239
0.682201
0.683149
0.684082
0.685001
0.685904
0.686791
0.68766
0.688512
0.689346
0.690162
0.690961
0.691741
0.692502
0.693243
0.693962
0.69466
0.695337
0.695991
0.696622
0.697231
0.697816
0.698378
0.698915
0.699429
0.699918
0.700383
0.700824
0.70124
0.70163
0.701995
0.702335
0.702648
0.702936
0.703199
0.703437
0.703649
0.703836
0.703998
0.704134
0.704244
0.704328
0.704385
0.704416
0.704421
0.704399
0.704352
0.704278
0.704179
0.704054
0.703902
0.703724
0.70352
0.70329
0.703033
0.702749
0.702438
0.702099
0.701734
0.701341
0.700922
0.700474
0.699999
0.699497
0.698968
0.698411
0.697826
0.697213
0.696571
0.695902
0.695205
0.694479
0.693725
0.692943
0.692132
0.691294
0.690428
0.689534
0.688614
0.687668
0.686696
0.685696
0.684671
0.683621
0.682545
0.681444
0.680321
0.679174
0.678005
0.676813
0.675601
0.67437
0.67312
0.671852
0.670569
0.66927
0.667957
0.666632
0.665297
0.663953
0.6626
0.661242
0.659878
0.658513
0.657145
0.655778
0.654412
0.653051
0.651696
0.650347
0.649008
0.647679
0.646362
0.645059
0.643773
0.642504
0.641255
0.640026
0.63882
0.637637
0.636478
0.635348
0.634246
0.633174
0.632133
0.631123
0.630147
0.629205
0.6283
0.62743
0.626596
0.625801
0.625044
0.624325
0.623647
0.623008
0.622409
0.621851
0.621334
0.620859
0.620424
0.620031
0.619679
0.619369
0.6191
0.61887
0.618681
0.61853
0.618418
0.618344
0.618307
0.618306
0.618341
0.618408
0.618508
0.618639
0.6188
0.618991
0.619209
0.619452
0.61972
0.620012
0.620324
0.620655
0.621004
0.62137
0.621753
0.62215
0.622558
0.622974
0.623399
0.62383
0.624267
0.624706
0.625147
0.625587
0.626024
0.626459
0.626888
0.627311
0.627724
0.628129
0.628521
0.628902
0.629268
0.629621
0.629958
0.63028
0.800081
0.800253
0.800353
0.80038
0.800335
0.800217
0.800026
0.799762
0.799426
0.799019
0.79854
0.79799
0.797372
0.796684
0.795929
0.795109
0.794225
0.793278
0.792272
0.791207
0.790087
0.788911
0.787684
0.786407
0.785083
0.783715
0.782306
0.780858
0.779375
0.777858
0.776312
0.77474
0.773145
0.77153
0.769897
0.768251
0.766595
0.76493
0.763262
0.761593
0.759926
0.758265
0.756614
0.754973
0.753347
0.751738
0.750149
0.748584
0.747044
0.745533
0.744055
0.74261
0.741201
0.73983
0.7385
0.737212
0.735967
0.734767
0.733614
0.73251
0.731455
0.73045
0.729497
0.728598
0.727752
0.72696
0.726223
0.725541
0.724914
0.724342
0.723824
0.723362
0.722955
0.722603
0.722305
0.722061
0.72187
0.721731
0.721645
0.721611
0.721626
0.721691
0.721803
0.721963
0.722168
0.722419
0.722713
0.723049
0.723424
0.723838
0.724289
0.724776
0.725298
0.725852
0.726437
0.727051
0.727691
0.728356
0.729044
0.729754
0.730483
0.731228
0.731987
0.732758
0.733539
0.734327
0.735121
0.735917
0.736714
0.737508
0.738298
0.739081
0.739853
0.740614
0.74136
0.74209
0.742801
0.743491
0.744157
0.744797
0.745409
0.745991
0.74654
0.747056
0.747536
0.747977
0.74838
0.748742
0.749061
0.749336
0.749565
0.749748
0.749883
0.749971
0.75001
0.749998
0.749936
0.749822
0.749656
0.749439
0.74917
0.748849
0.748475
0.748051
0.747576
0.74705
0.746473
0.745846
0.74517
0.744445
0.743672
0.742852
0.741985
0.741075
0.74012
0.739123
0.738085
0.737007
0.735891
0.734737
0.733548
0.732325
0.731069
0.729782
0.728466
0.727121
0.725749
0.724352
0.72293
0.721486
0.720021
0.718538
0.717037
0.71552
0.713988
0.712444
0.710888
0.709323
0.707749
0.706167
0.704581
0.70299
0.701397
0.699805
0.698215
0.696628
0.695045
0.693468
0.691898
0.690336
0.688785
0.687245
0.685719
0.684206
0.682711
0.681233
0.679775
0.678338
0.676924
0.675535
0.674172
0.672836
0.671531
0.670257
0.669017
0.667812
0.666642
0.66551
0.664418
0.663367
0.662359
0.661395
0.660477
0.659606
0.658784
0.658013
0.657294
0.656628
0.656017
0.655463
0.654968
0.654532
0.654156
0.65384
0.653588
0.653398
0.653273
0.653213
0.65322
0.653293
0.653434
0.653642
0.653919
0.654263
0.654676
0.655157
0.655706
0.656324
0.657009
0.657762
0.658583
0.65947
0.660422
0.661439
0.662519
0.663661
0.664864
0.666128
0.66745
0.668829
0.670262
0.671747
0.673284
0.674871
0.676505
0.678184
0.679905
0.681667
0.683467
0.685302
0.68717
0.689069
0.690997
0.69295
0.694925
0.69692
0.698931
0.700956
0.702993
0.705039
0.70709
0.709144
0.711199
0.713251
0.715298
0.717337
0.719365
0.721381
0.723382
0.725364
0.727324
0.729261
0.731173
0.733056
0.73491
0.736732
0.73852
0.740272
0.741984
0.743656
0.745285
0.746869
0.748408
0.749902
0.751348
0.752744
0.754088
0.755379
0.756614
0.757794
0.758917
0.759983
0.760989
0.761935
0.76282
0.763643
0.764403
0.7651
0.765733
0.766302
0.766806
0.767246
0.767621
0.767931
0.768177
0.768358
0.768473
0.768522
0.768505
0.768423
0.768276
0.768063
0.767786
0.767443
0.767036
0.766567
0.766034
0.765439
0.764783
0.764065
0.763286
0.762448
0.761551
0.760596
0.759584
0.758515
0.757392
0.756216
0.754987
0.753709
0.752382
0.751009
0.74959
0.748128
0.746623
0.745079
0.743495
0.741874
0.740218
0.73853
0.736811
0.735063
0.733289
0.731491
0.729672
0.727833
0.725978
0.724109
0.722228
0.720338
0.718442
0.716542
0.714642
0.712743
0.710848
0.70896
0.707083
0.705218
0.70337
0.701539
0.69973
0.697944
0.696185
0.694453
0.692753
0.691087
0.689456
0.687863
0.686311
0.684804
0.683341
0.681926
0.680561
0.679245
0.677982
0.676771
0.675615
0.674516
0.673474
0.672491
0.671567
0.670702
0.669897
0.669152
0.668467
0.667842
0.667277
0.666771
0.666324
0.665936
0.665605
0.665331
0.665113
0.66495
0.66484
0.664784
0.664777
0.664819
0.664909
0.665043
0.665222
0.665442
0.665702
0.665998
0.66633
0.666695
0.667092
0.667517
0.667969
0.668446
0.668945
0.669466
0.670006
0.670562
0.671134
0.671718
0.672313
0.672917
0.673527
0.674142
0.67476
0.675379
0.675997
0.676612
0.677223
0.677829
0.678428
0.679019
0.679601
0.680174
0.680737
0.681288
0.681827
0.682353
0.682867
0.683367
0.683852
0.684323
0.684779
0.685221
0.685648
0.686058
0.686454
0.686834
0.687199
0.68755
0.687886
0.688207
0.688514
0.688807
0.689086
0.689353
0.689606
0.689847
0.690075
0.690291
0.690498
0.690693
0.690876
0.691049
0.691212
0.691366
0.69151
0.691645
0.691772
0.691891
0.692001
0.692103
0.692197
0.692283
0.692361
0.692431
0.692493
0.692549
0.692598
0.69264
0.692674
0.692702
0.692722
0.692736
0.692742
0.692741
0.692734
0.692721
0.6927
0.692672
0.692639
0.692599
0.692554
0.692503
0.692448
0.692389
0.692326
0.692259
0.692189
0.692114
0.692038
0.691959
0.691879
0.691798
0.691717
0.691637
0.691559
0.691486
0.691417
0.691353
0.691295
0.691245
0.691202
0.691168
0.691143
0.691129
0.691129
0.691143
0.691171
0.691215
0.691276
0.691355
0.691452
0.691569
0.691707
0.691868
0.692052
0.692259
0.692489
0.692743
0.693023
0.693329
0.693662
0.694023
0.69441
0.694826
0.695269
0.695741
0.69624
0.696767
0.697322
0.697904
0.698512
0.699147
0.699807
0.700495
0.701207
0.701945
0.702706
0.70349
0.704294
0.705118
0.705962
0.706825
0.707704
0.708599
0.709508
0.710429
0.711362
0.712305
0.713259
0.714221
0.715189
0.716162
0.717138
0.718118
0.719099
0.720079
0.721058
0.722033
0.723005
0.72397
0.724928
0.725878
0.726819
0.727748
0.728665
0.72957
0.730461
0.731338
0.7322
0.733045
0.733873
0.734683
0.735474
0.736248
0.737002
0.737737
0.738452
0.739149
0.739826
0.740483
0.741119
0.741735
0.742332
0.742909
0.743467
0.744005
0.744524
0.745024
0.745505
0.745968
0.746413
0.746842
0.747257
0.747655
0.748038
0.748407
0.748761
0.749102
0.74943
0.749746
0.750051
0.750346
0.750632
0.750912
0.751183
0.751449
0.751708
0.751965
0.752218
0.75247
0.752722
0.752973
0.753225
0.753478
0.753733
0.753992
0.754255
0.754524
0.754797
0.755077
0.755365
0.75566
0.755965
0.756279
0.756604
0.75694
0.757289
0.757649
0.758023
0.758411
0.758813
0.759229
0.75966
0.760107
0.76057
0.761049
0.761545
0.762057
0.762584
0.763127
0.763686
0.764261
0.764851
0.765456
0.766076
0.766709
0.767357
0.768018
0.768692
0.769379
0.770075
0.770782
0.771498
0.772221
0.772951
0.773688
0.774429
0.775176
0.775926
0.776677
0.777429
0.778181
0.778932
0.779681
0.780426
0.781168
0.781905
0.782635
0.783359
0.784075
0.784782
0.78548
0.786168
0.786845
0.787511
0.788168
0.788815
0.78945
0.790073
0.790684
0.791281
0.791866
0.792437
0.792996
0.793541
0.794072
0.79459
0.795093
0.795583
0.79606
0.796524
0.796974
0.79741
0.797833
0.798242
0.798639
0.799023
0.799395
0.799755
0.800103
0.800439
0.800762
0.801071
0.801369
0.801655
0.801929
0.802191
0.802441
0.802679
0.802902
0.803112
0.803307
0.803488
0.803655
0.803806
0.803942
0.804063
0.804166
0.804254
0.804326
0.80438
0.804414
0.80443
0.804425
0.8044
0.804354
0.804286
0.804196
0.804084
0.803949
0.803789
0.803602
0.803389
0.803148
0.80288
0.802582
0.802256
0.8019
0.801512
0.801094
0.800644
0.800161
0.799644
0.799095
0.798512
0.797895
0.797242
0.796553
0.795829
0.79507
0.794278
0.793451
0.79259
0.791693
0.790761
0.789794
0.788793
0.787758
0.786689
0.785587
0.784453
0.783287
0.78209
0.780862
0.779604
0.778318
0.777003
0.775661
0.774293
0.772901
0.771484
0.770043
0.768581
0.767097
0.765594
0.764072
0.762533
0.760978
0.759408
0.757825
0.756232
0.754628
0.753016
0.751397
0.749772
0.748143
0.746511
0.744877
0.743243
0.74161
0.739981
0.738355
0.736735
0.735122
0.733516
0.73192
0.730335
0.728763
0.727205
0.725662
0.724135
0.722625
0.721135
0.719664
0.718215
0.716788
0.715386
0.714009
0.712658
0.711335
0.710041
0.708777
0.707546
0.706347
0.705182
0.704051
0.702956
0.701898
0.700878
0.699897
0.698956
0.698055
0.697195
0.696378
0.695604
0.694873
0.694187
0.693546
0.69295
0.6924
0.691897
0.691441
0.691033
0.690673
0.690359
0.690093
0.689874
0.689701
0.689576
0.689497
0.689463
0.689474
0.689529
0.689627
0.689768
0.68995
0.690173
0.690435
0.690735
0.691071
0.691443
0.691848
0.692285
0.692752
0.693247
0.693768
0.694315
0.694884
0.695475
0.696085
0.696711
0.697351
0.698002
0.698664
0.699332
0.700006
0.700683
0.701361
0.702039
0.702714
0.703384
0.704047
0.704703
0.705348
0.705981
0.706601
0.707205
0.707793
0.708364
0.708917
0.709448
0.709957
0.710443
0.710905
0.711344
0.711758
0.712145
0.712505
0.712838
0.713143
0.713421
0.713672
0.713894
0.714088
0.714254
0.714391
0.714501
0.714583
0.714639
0.714668
0.714672
0.71465
0.714602
0.71453
0.714433
0.714313
0.714171
0.714007
0.713821
0.713614
0.713388
0.713144
0.712881
0.712601
0.712304
0.711991
0.711662
0.711318
0.71096
0.710589
0.710205
0.709809
0.709402
0.708984
0.708558
0.708122
0.707679
0.707228
0.70677
0.706307
0.705838
0.705365
0.70489
0.704412
0.703932
0.70345
0.702967
0.702483
0.701999
0.701518
0.701037
0.700558
0.700081
0.699608
0.699139
0.698674
0.698216
0.697765
0.697321
0.696884
0.696457
0.696041
0.695636
0.695242
0.69486
0.694492
0.694137
0.693799
0.693476
0.693171
0.692884
0.692616
0.692368
0.692141
0.691937
0.691756
0.691598
0.691465
0.691356
0.691274
0.691221
0.691196
0.691201
0.691236
0.691302
0.691399
0.691528
0.69169
0.691884
0.692112
0.692375
0.692672
0.80012
0.800417
0.800724
0.80104
0.801365
0.801701
0.802046
0.802402
0.80277
0.803147
0.803535
0.803935
0.804344
0.804763
0.805192
0.805628
0.806072
0.806524
0.806982
0.807446
0.807915
0.808387
0.808863
0.809341
0.80982
0.810299
0.810777
0.811252
0.811725
0.812195
0.812659
0.813115
0.813564
0.814005
0.814436
0.814855
0.815262
0.815657
0.816038
0.816404
0.816753
0.817085
0.817398
0.817693
0.817967
0.81822
0.81845
0.818656
0.818838
0.818994
0.819125
0.81923
0.819308
0.819358
0.819379
0.819371
0.819334
0.819268
0.819172
0.819044
0.818885
0.818694
0.81847
0.818213
0.817923
0.817601
0.817248
0.816861
0.816441
0.815988
0.815501
0.814979
0.814423
0.813834
0.813211
0.812553
0.811862
0.811137
0.810377
0.809585
0.808761
0.807904
0.807014
0.806092
0.805137
0.80415
0.803132
0.802083
0.801005
0.799897
0.798761
0.797596
0.796404
0.795185
0.793941
0.792671
0.791378
0.790061
0.788722
0.787363
0.785984
0.784587
0.783173
0.781742
0.780297
0.778838
0.777366
0.775883
0.774392
0.772894
0.77139
0.769883
0.768373
0.766861
0.765349
0.763839
0.762332
0.760831
0.759339
0.757856
0.756383
0.754922
0.753475
0.752044
0.75063
0.749235
0.747859
0.746504
0.745173
0.743866
0.742586
0.741332
0.740106
0.738909
0.73774
0.736602
0.735494
0.734418
0.733372
0.732359
0.731378
0.73043
0.729514
0.728631
0.72778
0.726961
0.726175
0.725419
0.724691
0.723992
0.723319
0.722673
0.722051
0.721454
0.720878
0.720323
0.719786
0.719267
0.718765
0.718278
0.717803
0.717341
0.716891
0.71645
0.716016
0.715589
0.715168
0.714749
0.714334
0.713921
0.713508
0.713095
0.712682
0.712266
0.711848
0.711427
0.711004
0.710576
0.710146
0.709712
0.709275
0.708835
0.708392
0.707946
0.707499
0.707051
0.706603
0.706155
0.70571
0.705266
0.704826
0.704391
0.70396
0.703536
0.70312
0.702713
0.702316
0.701932
0.701561
0.701204
0.700861
0.700536
0.700228
0.699939
0.699672
0.699426
0.699204
0.699005
0.698833
0.698688
0.698571
0.698484
0.698426
0.698399
0.698405
0.698446
0.698522
0.698632
0.698778
0.698961
0.699182
0.699441
0.69974
0.700081
0.700464
0.700889
0.701356
0.701867
0.70242
0.703018
0.703661
0.704348
0.705079
0.705856
0.706679
0.707547
0.708461
0.709421
0.710426
0.711476
0.712571
0.713711
0.714896
0.716126
0.717398
0.718713
0.720071
0.72147
0.722909
0.724388
0.725908
0.727466
0.729061
0.730692
0.732358
0.734058
0.735791
0.737555
0.73935
0.741174
0.743025
0.744903
0.746804
0.748729
0.750676
0.752642
0.754627
0.75663
0.758648
0.76068
0.762725
0.764781
0.766848
0.768924
0.771007
0.773095
0.775189
0.777286
0.779386
0.781488
0.783591
0.785694
0.787795
0.789895
0.791992
0.794086
0.796176
0.798262
0.800342
0.802417
0.804486
0.806549
0.808604
0.810651
0.81269
0.81472
0.816741
0.818753
0.820754
0.822744
0.824723
0.82669
0.828644
0.830586
0.832513
0.834427
0.836326
0.838208
0.840072
0.841918
0.843746
0.845554
0.847341
0.849107
0.85085
0.852569
0.854263
0.855931
0.85757
0.859181
0.860763
0.862313
0.863831
0.865314
0.866762
0.868172
0.869545
0.870879
0.872171
0.873422
0.874629
0.875793
0.876911
0.877983
0.879008
0.879984
0.880911
0.881789
0.882617
0.883394
0.884118
0.884789
0.885405
0.885968
0.886476
0.886928
0.887324
0.887666
0.887951
0.888181
0.888355
0.888476
0.888542
0.888553
0.88851
0.888412
0.888261
0.888057
0.887801
0.887492
0.88713
0.886716
0.886252
0.88574
0.885178
0.884568
0.883911
0.883207
0.882459
0.881668
0.880834
0.879957
0.879039
0.878081
0.877083
0.876048
0.874976
0.873869
0.872728
0.871553
0.870347
0.869109
0.867842
0.866546
0.865224
0.863874
0.862499
0.861101
0.85968
0.858238
0.856777
0.855296
0.853796
0.852279
0.850745
0.849195
0.84763
0.84605
0.844457
0.842851
0.841233
0.839606
0.837969
0.836323
0.834669
0.833008
0.83134
0.829666
0.827987
0.826303
0.824616
0.822925
0.82123
0.819534
0.817836
0.816139
0.814442
0.812745
0.811049
0.809355
0.807663
0.805974
0.80429
0.802611
0.800938
0.799271
0.797611
0.795958
0.794314
0.79268
0.791056
0.789444
0.787844
0.786258
0.784685
0.783129
0.781588
0.780065
0.77856
0.777077
0.775613
0.774172
0.772753
0.771357
0.769986
0.768641
0.767324
0.766034
0.764772
0.763541
0.762341
0.761172
0.760035
0.758932
0.757863
0.756827
0.755827
0.754863
0.753937
0.753048
0.752198
0.751385
0.750612
0.749879
0.749185
0.748531
0.747917
0.747343
0.746808
0.746314
0.74586
0.745446
0.745072
0.744736
0.74444
0.744182
0.743962
0.743779
0.743633
0.743524
0.74345
0.743411
0.743407
0.743438
0.743502
0.743599
0.743728
0.743889
0.744081
0.744303
0.744555
0.744836
0.745146
0.745483
0.745848
0.746238
0.746655
0.747097
0.747565
0.748058
0.748575
0.749116
0.749681
0.75027
0.750883
0.751521
0.752181
0.752865
0.753572
0.754303
0.755057
0.755835
0.756636
0.757461
0.758308
0.759175
0.760064
0.760972
0.7619
0.76285
0.76382
0.764807
0.765812
0.766833
0.76787
0.76892
0.769983
0.771057
0.772139
0.773229
0.774324
0.775422
0.776523
0.777623
0.778721
0.779814
0.7809
0.781976
0.78304
0.784089
0.785122
0.786135
0.787126
0.788091
0.789029
0.789936
0.790811
0.791652
0.792455
0.793217
0.793936
0.79461
0.795237
0.795815
0.796341
0.796815
0.797235
0.797598
0.797904
0.798151
0.798339
0.798466
0.798531
0.798535
0.798475
0.798352
0.798166
0.797917
0.797604
0.797229
0.796793
0.796295
0.795738
0.795122
0.794449
0.79372
0.792938
0.792104
0.79122
0.790288
0.78931
0.788289
0.787228
0.78613
0.784995
0.783828
0.782631
0.781409
0.780163
0.778897
0.777613
0.776314
0.775003
0.773683
0.772357
0.771028
0.7697
0.768376
0.76706
0.765753
0.764458
0.763179
0.761918
0.760678
0.759461
0.758268
0.757102
0.755966
0.754861
0.753788
0.752751
0.75175
0.750787
0.749863
0.74898
0.748138
0.747338
0.746582
0.745869
0.7452
0.744576
0.743998
0.743463
0.742972
0.742524
0.74212
0.741759
0.74144
0.741163
0.740926
0.74073
0.740572
0.740453
0.740373
0.740328
0.740318
0.740341
0.740397
0.740486
0.740605
0.740754
0.74093
0.741132
0.74136
0.741611
0.741886
0.742183
0.7425
0.742835
0.743187
0.743557
0.743943
0.744344
0.744759
0.745188
0.74563
0.746085
0.74655
0.747026
0.747513
0.74801
0.748515
0.749029
0.749552
0.750082
0.75062
0.751167
0.751722
0.752285
0.752856
0.753435
0.754022
0.754618
0.755221
0.755832
0.756452
0.757082
0.75772
0.758369
0.759028
0.759699
0.76038
0.761074
0.761781
0.762501
0.763235
0.763984
0.764746
0.765522
0.766313
0.767119
0.767942
0.768781
0.769636
0.770508
0.771397
0.772304
0.773229
0.774173
0.775135
0.776117
0.777117
0.778138
0.779178
0.780239
0.781319
0.78242
0.783542
0.784683
0.785845
0.787027
0.788231
0.789454
0.790697
0.791959
0.793239
0.794539
0.795858
0.797195
0.798549
0.799919
0.801305
0.802706
0.80412
0.805548
0.806988
0.808441
0.809905
0.81138
0.812862
0.814353
0.815849
0.81735
0.818856
0.820364
0.821872
0.82338
0.824888
0.826394
0.827896
0.829391
0.830878
0.832356
0.833823
0.835277
0.836716
0.83814
0.839547
0.840934
0.8423
0.843643
0.844961
0.846253
0.847517
0.848751
0.849954
0.851124
0.85226
0.853361
0.854424
0.855449
0.856435
0.85738
0.858285
0.859147
0.859966
0.860742
0.861472
0.862156
0.862793
0.863382
0.863925
0.864421
0.864868
0.865266
0.865617
0.865918
0.866169
0.866372
0.866527
0.866634
0.866693
0.866705
0.86667
0.866589
0.866462
0.86629
0.866072
0.86581
0.865503
0.865152
0.864759
0.864321
0.863841
0.863319
0.862755
0.86215
0.861503
0.860815
0.860086
0.859318
0.85851
0.857662
0.856775
0.855851
0.854889
0.853887
0.852848
0.85177
0.850656
0.849503
0.848313
0.847085
0.845819
0.844516
0.843174
0.841796
0.840381
0.83893
0.837443
0.835919
0.834358
0.832762
0.831131
0.829467
0.827768
0.826036
0.824273
0.822478
0.820652
0.818797
0.816915
0.815005
0.813071
0.811113
0.809135
0.807136
0.80512
0.803088
0.801042
0.798984
0.796916
0.794839
0.792757
0.790671
0.788584
0.786498
0.784415
0.78234
0.780273
0.778219
0.77618
0.774159
0.772159
0.770183
0.768234
0.766313
0.764424
0.762569
0.76075
0.758971
0.757235
0.755542
0.753897
0.752302
0.750758
0.749268
0.747834
0.746456
0.745136
0.743877
0.742679
0.741544
0.740472
0.739465
0.738523
0.737647
0.736838
0.736097
0.735422
0.734814
0.734274
0.733801
0.733394
0.733052
0.732775
0.73256
0.732409
0.73232
0.732291
0.73232
0.732406
0.732548
0.732744
0.732993
0.733293
0.733641
0.734035
0.734474
0.734956
0.735477
0.736036
0.736631
0.737259
0.737919
0.738607
0.739322
0.740061
0.740822
0.741602
0.7424
0.743212
0.744036
0.74487
0.745711
0.746558
0.747409
0.74826
0.74911
0.749958
0.7508
0.751636
0.752463
0.753279
0.754081
0.754869
0.755638
0.756389
0.757119
0.757827
0.758511
0.75917
0.759802
0.760406
0.760982
0.761529
0.762046
0.762532
0.762986
0.763407
0.763795
0.764149
0.76447
0.764757
0.76501
0.765229
0.765415
0.765569
0.765691
0.765782
0.765841
0.765868
0.765864
0.76583
0.765767
0.765675
0.765556
0.765411
0.765242
0.765049
0.764833
0.764596
0.764339
0.764065
0.763774
0.763469
0.763151
0.76282
0.762479
0.76213
0.761774
0.761415
0.761054
0.760694
0.760336
0.759981
0.759631
0.759287
0.758952
0.758626
0.758313
0.758013
0.757728
0.757459
0.757208
0.756977
0.756768
0.756582
0.75642
0.756284
0.756174
0.756092
0.756039
0.756017
0.756027
0.756069
0.756146
0.756257
0.756404
0.756588
0.800053
0.80023
0.800435
0.800668
0.80093
0.80122
0.80154
0.801891
0.802273
0.802686
0.803131
0.803606
0.804113
0.804652
0.805222
0.805824
0.806459
0.807126
0.807824
0.808553
0.809312
0.810101
0.810918
0.811765
0.81264
0.813543
0.814472
0.815427
0.816407
0.817412
0.818442
0.819493
0.820565
0.821657
0.822768
0.823896
0.825041
0.8262
0.827373
0.828558
0.829754
0.830959
0.832171
0.833391
0.834617
0.835846
0.837079
0.838314
0.839548
0.84078
0.842009
0.843235
0.844454
0.845666
0.846868
0.84806
0.84924
0.850407
0.85156
0.852699
0.853823
0.854929
0.856017
0.857086
0.858135
0.859163
0.860171
0.861156
0.862118
0.863058
0.863973
0.864863
0.865728
0.866567
0.86738
0.868167
0.868926
0.86966
0.870368
0.871048
0.871702
0.872329
0.87293
0.873503
0.874049
0.874569
0.875062
0.875529
0.875971
0.876387
0.876779
0.877147
0.877491
0.877812
0.878111
0.878388
0.878644
0.87888
0.879096
0.879294
0.879473
0.879634
0.87978
0.879911
0.880028
0.880133
0.880225
0.880306
0.880376
0.880437
0.880489
0.880533
0.880571
0.880603
0.88063
0.880652
0.880671
0.880689
0.880707
0.880725
0.880743
0.880764
0.880788
0.880817
0.880849
0.880886
0.880928
0.880976
0.88103
0.881092
0.881161
0.881237
0.881322
0.881413
0.881513
0.881622
0.881739
0.881865
0.881999
0.88214
0.882289
0.882444
0.882605
0.882772
0.882943
0.88312
0.883302
0.883487
0.883673
0.88386
0.884048
0.884235
0.88442
0.884602
0.884779
0.88495
0.885113
0.885266
0.885409
0.88554
0.885657
0.885761
0.885849
0.885921
0.885976
0.886011
0.886026
0.886017
0.885986
0.88593
0.885848
0.885739
0.885603
0.885438
0.885243
0.885017
0.884761
0.884473
0.884153
0.883801
0.883416
0.882996
0.882543
0.882057
0.881536
0.88098
0.88039
0.879767
0.879109
0.878417
0.877693
0.876934
0.876143
0.875321
0.874466
0.87358
0.872665
0.87172
0.870746
0.869745
0.868718
0.867663
0.866583
0.865478
0.864348
0.863196
0.862022
0.860827
0.859611
0.858376
0.857123
0.855854
0.854568
0.853267
0.851952
0.850622
0.849279
0.847923
0.846555
0.845176
0.843786
0.842387
0.840982
0.839569
0.83815
0.836724
0.835295
0.833861
0.832424
0.830983
0.829541
0.828098
0.826653
0.825207
0.823762
0.822319
0.820878
0.819439
0.818003
0.81657
0.815141
0.813716
0.812296
0.810881
0.809473
0.808073
0.80668
0.805297
0.803922
0.802558
0.801204
0.799862
0.798532
0.797216
0.795913
0.794626
0.793354
0.792099
0.790861
0.78964
0.788438
0.787255
0.786092
0.78495
0.78383
0.78273
0.781652
0.780596
0.779562
0.778553
0.777568
0.776607
0.77567
0.774757
0.773868
0.773004
0.772164
0.771347
0.770555
0.769785
0.769038
0.768313
0.767612
0.766931
0.766272
0.765632
0.765011
0.764407
0.76382
0.76325
0.762693
0.76215
0.761618
0.761098
0.760587
0.760084
0.75959
0.759102
0.758618
0.758136
0.757655
0.757174
0.756691
0.756205
0.755712
0.755214
0.754707
0.754191
0.753664
0.753126
0.752573
0.752007
0.751425
0.750826
0.750209
0.749574
0.748919
0.748244
0.747546
0.746827
0.746086
0.745323
0.744538
0.74373
0.742899
0.742044
0.741166
0.740266
0.739342
0.738398
0.737432
0.736445
0.735437
0.734409
0.733361
0.732295
0.731211
0.73011
0.728995
0.727867
0.726726
0.725573
0.724409
0.723237
0.722056
0.720869
0.719677
0.718482
0.717285
0.716087
0.714891
0.713698
0.71251
0.711329
0.710155
0.708991
0.707837
0.706695
0.705567
0.704454
0.703358
0.702281
0.701223
0.700185
0.699169
0.698175
0.697207
0.696265
0.695349
0.694461
0.693601
0.69277
0.69197
0.691201
0.690464
0.68976
0.689089
0.688452
0.68785
0.687282
0.68675
0.686254
0.685793
0.685369
0.684981
0.68463
0.684315
0.684038
0.683798
0.683595
0.683429
0.683301
0.683209
0.683154
0.683137
0.683157
0.683214
0.683308
0.683439
0.683609
0.683816
0.684059
0.684339
0.684657
0.68501
0.6854
0.685825
0.686285
0.686782
0.687313
0.687879
0.688479
0.689113
0.689781
0.690483
0.691218
0.691987
0.692789
0.693625
0.694494
0.695395
0.696328
0.697292
0.698287
0.699313
0.700369
0.701455
0.702571
0.703715
0.704888
0.706089
0.707318
0.708574
0.709857
0.711167
0.712502
0.713863
0.715249
0.71666
0.718096
0.719555
0.721038
0.722544
0.724073
0.725623
0.727193
0.728783
0.730393
0.732022
0.733669
0.735334
0.737016
0.738715
0.740432
0.742163
0.743911
0.745673
0.747449
0.749239
0.751043
0.752859
0.754686
0.756525
0.758374
0.760233
0.762102
0.763981
0.765868
0.767764
0.769667
0.771576
0.773491
0.77541
0.777334
0.779263
0.781195
0.783131
0.78507
0.787011
0.788952
0.790893
0.792833
0.794773
0.79671
0.798644
0.800574
0.8025
0.80442
0.806333
0.808239
0.810136
0.812024
0.813901
0.815766
0.817617
0.819454
0.821276
0.823082
0.824871
0.826642
0.828393
0.830122
0.831827
0.833509
0.835165
0.836794
0.838394
0.839966
0.841507
0.843017
0.844492
0.845932
0.847337
0.848706
0.850037
0.851328
0.85258
0.853791
0.85496
0.856087
0.857169
0.858206
0.859199
0.860146
0.861048
0.861902
0.862709
0.863468
0.864178
0.86484
0.865454
0.86602
0.866537
0.867005
0.867425
0.867796
0.868119
0.868393
0.868617
0.868793
0.86892
0.868999
0.869029
0.869011
0.868945
0.868831
0.86867
0.868463
0.86821
0.867911
0.867567
0.867177
0.866742
0.866261
0.865735
0.865164
0.864548
0.863889
0.863185
0.862438
0.861647
0.860815
0.85994
0.859024
0.858068
0.857072
0.856035
0.854959
0.853846
0.852695
0.851509
0.850286
0.849028
0.847736
0.84641
0.845053
0.843665
0.842251
0.84081
0.839345
0.837856
0.836346
0.834816
0.833268
0.831706
0.830131
0.828546
0.826954
0.825358
0.82376
0.822163
0.82057
0.818985
0.81741
0.815851
0.81431
0.81279
0.811294
0.809823
0.808383
0.806976
0.805606
0.804276
0.802989
0.801747
0.800554
0.799412
0.798324
0.797293
0.796321
0.795411
0.794565
0.793784
0.793072
0.79243
0.791859
0.791359
0.790932
0.790579
0.7903
0.790097
0.78997
0.789918
0.789941
0.790038
0.790209
0.790452
0.790767
0.791155
0.791612
0.792136
0.792726
0.793379
0.794092
0.794863
0.79569
0.79657
0.797499
0.798475
0.799495
0.800555
0.801653
0.802784
0.803944
0.805131
0.806339
0.807565
0.808805
0.810057
0.811317
0.812581
0.813845
0.815105
0.816357
0.817597
0.81882
0.820024
0.821205
0.822361
0.823487
0.82458
0.825637
0.826653
0.827628
0.828556
0.829436
0.830263
0.831036
0.831751
0.832407
0.833
0.83353
0.833995
0.834392
0.83472
0.834977
0.835162
0.835274
0.835312
0.835274
0.83516
0.834969
0.834701
0.834357
0.833936
0.833437
0.832863
0.832212
0.831486
0.830686
0.829814
0.828869
0.827855
0.826772
0.825623
0.824408
0.82313
0.821791
0.820393
0.818938
0.817429
0.815869
0.81426
0.812607
0.810912
0.809179
0.807409
0.805607
0.803776
0.80192
0.800042
0.798147
0.796236
0.794316
0.792388
0.790456
0.788526
0.786599
0.784682
0.782776
0.780886
0.779015
0.777169
0.77535
0.773563
0.771809
0.770092
0.768415
0.766782
0.765195
0.763657
0.762171
0.760739
0.759364
0.75805
0.756797
0.755609
0.754489
0.753437
0.752455
0.751545
0.750707
0.749945
0.749258
0.748647
0.748113
0.747656
0.747276
0.746975
0.746751
0.746604
0.746533
0.746538
0.74662
0.746775
0.747005
0.747308
0.747684
0.74813
0.748647
0.749232
0.749883
0.750599
0.751376
0.752213
0.753108
0.754057
0.755059
0.756112
0.757214
0.758362
0.759555
0.760788
0.762061
0.76337
0.764713
0.766087
0.76749
0.768922
0.770378
0.771856
0.773353
0.774868
0.776398
0.777939
0.779489
0.781048
0.782612
0.78418
0.78575
0.787319
0.788886
0.79045
0.792008
0.793559
0.795102
0.796634
0.798154
0.799661
0.801154
0.802631
0.804092
0.805536
0.806962
0.808368
0.809753
0.811118
0.812462
0.813787
0.815092
0.816374
0.817633
0.818869
0.820082
0.821271
0.822438
0.823582
0.824703
0.825801
0.826878
0.827932
0.828964
0.829973
0.830962
0.831929
0.832876
0.833801
0.834707
0.835593
0.83646
0.837308
0.838138
0.838952
0.839749
0.84053
0.841295
0.842045
0.842781
0.843501
0.844206
0.844897
0.845572
0.846234
0.846883
0.847519
0.84814
0.848748
0.849341
0.849921
0.850486
0.851036
0.85157
0.852089
0.852591
0.853076
0.853544
0.853996
0.854429
0.854843
0.855237
0.855611
0.855963
0.856294
0.856601
0.856885
0.857146
0.857381
0.857589
0.857771
0.857925
0.85805
0.858145
0.858211
0.858245
0.858247
0.858218
0.858154
0.858056
0.857923
0.857754
0.857551
0.857312
0.857036
0.856723
0.856372
0.855985
0.85556
0.855097
0.854597
0.854059
0.853485
0.852873
0.852224
0.85154
0.85082
0.850065
0.849276
0.848455
0.847601
0.846716
0.845802
0.844858
0.843886
0.842888
0.841864
0.840817
0.839748
0.838656
0.837544
0.836415
0.835269
0.834108
0.832934
0.831749
0.830553
0.829351
0.828142
0.82693
0.825716
0.8245
0.823285
0.822072
0.820863
0.81966
0.818465
0.817279
0.816105
0.814942
0.813792
0.812657
0.811539
0.810438
0.809357
0.808297
0.807259
0.806244
0.805253
0.804288
0.803349
0.802436
0.80155
0.800691
0.799859
0.799056
0.79828
0.797534
0.796816
0.796128
0.795468
0.794837
0.794234
0.79366
0.793115
0.792597
0.792108
0.791645
0.79121
0.790801
0.790418
0.79006
0.789727
0.789419
0.789135
0.788875
0.788639
0.788424
0.788232
0.788062
0.787913
0.787784
0.787675
0.787588
0.78752
0.787473
0.787445
0.787436
0.787446
0.787475
0.787524
0.787593
0.787681
0.787788
0.787916
0.788064
0.788232
0.78842
0.78863
0.788862
0.789115
0.789391
0.789688
0.790007
0.790347
0.79071
0.791096
0.791506
0.791939
0.792395
0.792875
0.793378
