1             1.35974             1.35974                   0
2              1.3839             1.37182           0.0085414
3             1.36226             1.36863          0.00626092
4             1.34749             1.36335          0.00655792
5             1.38779             1.36823          0.00682981
6              1.3625             1.36728           0.0057581
7             1.37486             1.36836          0.00503631
8             1.30433             1.36036          0.00868733
9             1.30976             1.35474          0.00936613
10             1.35375             1.35464          0.00843003
11             1.34643             1.35389          0.00769662
12             1.35671             1.35413          0.00705882
13             1.38236              1.3563          0.00684183
14             1.34419             1.35543          0.00640754
15             1.39639             1.35816          0.00653623
16             1.33129             1.35648          0.00633979
17             1.40281             1.35921          0.00652634
18             1.38365             1.36057          0.00630347
19             1.36233             1.36066           0.0059724
20             1.35203             1.36023          0.00568933
21             1.33607             1.35908          0.00553351
22             1.39198             1.36057          0.00548032
23             1.40891             1.36268          0.00563067
24             1.35512             1.36236          0.00540486
25             1.33422             1.36123          0.00530459
26             1.32197             1.35972          0.00531114
27             1.39825             1.36115          0.00530259
28             1.35015             1.36076          0.00512776
29             1.35168             1.36045          0.00496049
30             1.35854             1.36038          0.00479555
31             1.34647             1.35993          0.00466181
32             1.41487             1.36165          0.00482185
33             1.38246             1.36228          0.00471678
34             1.36642              1.3624          0.00457963
35             1.47056             1.36549          0.00539156
36             1.35457             1.36519          0.00525032
37             1.28847             1.36312          0.00550264
38             1.39434             1.36394          0.00541885
39             1.39598             1.36476          0.00534182
40             1.32959             1.36388          0.00528014
41             1.35871             1.36375          0.00515286
42             1.32161             1.36275          0.00512694
43             1.31759              1.3617          0.00511413
44             1.38037             1.36212          0.00501547
45               1.451              1.3641          0.00527857
46             1.36805             1.36419          0.00516452
47             1.29868             1.36279           0.0052393
48             1.43303             1.36425          0.00533056
49             1.42317             1.36546          0.00535566
50             1.36619             1.36547          0.00524857
