1            0.205333            0.205333                   0
2            0.200798            0.203065           0.0016035
3            0.202183            0.202771          0.00109561
4            0.200577            0.202223         0.000949197
5            0.202283            0.202235         0.000759435
6            0.194319            0.200915          0.00136047
7            0.192843            0.199762          0.00158106
8             0.19735            0.199461          0.00141189
9            0.193503            0.198799          0.00140161
10            0.194849            0.198404          0.00131592
11             0.19632            0.198214          0.00120986
12            0.202471            0.198569          0.00115987
13            0.199313            0.198626          0.00107206
14            0.191455            0.198114          0.00111115
15            0.198519            0.198141           0.0010374
16            0.202336            0.198403          0.00100515
17            0.200833            0.198546         0.000956138
18            0.198613             0.19855         0.000903026
19            0.199393            0.198594         0.000856588
20            0.199206            0.198625         0.000814305
21            0.197528            0.198573         0.000777202
22            0.191073            0.198232         0.000813199
23            0.199037            0.198267         0.000778596
24            0.195957            0.198171         0.000752079
25             0.19355            0.197986          0.00074436
26            0.198205            0.197994         0.000715778
27            0.194272            0.197856         0.000702419
28            0.195349            0.197767         0.000683015
29            0.194172            0.197643          0.00067062
30            0.202533            0.197806         0.000667783
31            0.196283            0.197757         0.000648046
32             0.20265             0.19791         0.000645582
33            0.199708            0.197964         0.000628313
34            0.200409            0.198036         0.000613934
35            0.202696            0.198169         0.000610657
36            0.202371            0.198286         0.000604744
37            0.201006            0.198359         0.000592849
38            0.197139            0.198327         0.000578118
39            0.197334            0.198302         0.000563855
40            0.190079            0.198096         0.000586039
41            0.195943            0.198044         0.000574093
42             0.20021            0.198095         0.000562736
43            0.197013             0.19807         0.000550211
44            0.202381            0.198168         0.000546362
45            0.196426            0.198129         0.000535591
46            0.198406            0.198135         0.000523982
47             0.19328            0.198032         0.000522919
48            0.195358            0.197976         0.000514983
49            0.194638            0.197908         0.000508959
50            0.197499              0.1979         0.000498845
