1            -0.46328            -0.46328                   0
2           -0.462865           -0.463073         0.000146626
3           -0.460459           -0.462202         0.000718017
4           -0.458983           -0.461397         0.000880684
5           -0.461739           -0.461465         0.000707195
6           -0.465284           -0.462102         0.000827618
7           -0.463397           -0.462287         0.000729772
8           -0.463143           -0.462394         0.000646345
9           -0.463917           -0.462563         0.000596265
10           -0.464985           -0.462805         0.000583758
11           -0.461213            -0.46266         0.000548338
12           -0.463276           -0.462712          0.00050504
13           -0.461487           -0.462617         0.000474902
14           -0.463225           -0.462661         0.000442959
15           -0.463553            -0.46272         0.000417399
16           -0.462351           -0.462697         0.000391948
17           -0.463224           -0.462728         0.000370114
18           -0.463339           -0.462762         0.000351104
19           -0.464372           -0.462847         0.000342692
20           -0.459797           -0.462694         0.000357874
21           -0.461118           -0.462619         0.000348615
22           -0.462313           -0.462605         0.000333046
23           -0.465854           -0.462747         0.000347229
24           -0.464102           -0.462803         0.000337323
25           -0.464938           -0.462889         0.000334466
26           -0.465631           -0.462994         0.000337826
27           -0.461835           -0.462951         0.000328032
28           -0.461685           -0.462906         0.000319417
29           -0.461818           -0.462868         0.000310596
30             -0.4616           -0.462826         0.000303109
31           -0.462897           -0.462828         0.000293339
32           -0.465567           -0.462914         0.000296396
33           -0.463015           -0.462917          0.00028743
34           -0.461349           -0.462871         0.000282653
35           -0.463087           -0.462877         0.000274645
36           -0.462353           -0.462863         0.000267401
37           -0.462913           -0.462864         0.000260177
38            -0.46452           -0.462907         0.000256954
39           -0.463924           -0.462934         0.000251684
40           -0.460396            -0.46287         0.000253261
41           -0.461635            -0.46284         0.000248871
42            -0.46383           -0.462864         0.000244059
43            -0.46597           -0.462936         0.000248845
44           -0.457913           -0.462822         0.000268094
45           -0.461634           -0.462795         0.000263432
46            -0.46375           -0.462816         0.000258522
47           -0.463536           -0.462831         0.000253475
48            -0.46225           -0.462819         0.000248484
49           -0.461937           -0.462801         0.000244064
50            -0.46484           -0.462842         0.000242566
