1            0.036004            0.036004                   0
2            0.025668            0.030836          0.00365433
3            0.021356            0.027676          0.00354855
4            0.037544            0.030143          0.00341287
5            0.039732           0.0320608          0.00322442
6             0.01942            0.029954          0.00330438
7             0.01864           0.0283377          0.00320332
8            0.033932            0.029037          0.00287822
9            0.023828           0.0284582          0.00261596
10            0.021644           0.0277768           0.0024415
11            0.015452           0.0266564          0.00246326
12            0.021016           0.0261863           0.0023024
13            0.019928           0.0257049          0.00217504
14            0.031248           0.0261009           0.0020554
15            0.044832           0.0273496          0.00226617
16             0.02276           0.0270628          0.00214262
17            0.033592           0.0274468          0.00205071
18            0.034148           0.0278191          0.00197029
19            0.031784           0.0280278          0.00187761
20            0.030268           0.0281398          0.00178707
21            0.018308           0.0276716          0.00176223
22            0.024468            0.027526          0.00168813
23            0.024708           0.0274035          0.00161918
24            0.018304           0.0270243          0.00159548
25            0.036908           0.0274197          0.00157989
26            0.031156           0.0275634          0.00152564
27            0.032932           0.0277622          0.00148204
28             0.03106             0.02788          0.00143378
29             0.02372           0.0277366           0.0013915
30            0.018776           0.0274379           0.0013768
31            0.039644           0.0278316          0.00138755
32             0.03316           0.0279981          0.00135414
33            0.024764           0.0279001          0.00131665
34            0.029836           0.0279571          0.00127915
35            0.031128           0.0280477          0.00124581
36            0.023268           0.0279149          0.00121826
37            0.021256           0.0277349          0.00119855
38               0.028           0.0277419          0.00116703
39            0.030984            0.027825          0.00114006
40            0.016192           0.0275342          0.00114806
41            0.023328           0.0274316          0.00112463
42            0.019896           0.0272522          0.00111207
43            0.024092           0.0271787          0.00108864
44            0.010464           0.0267988          0.00112823
45            0.037304           0.0270323          0.00112705
46            0.024304            0.026973          0.00110411
47            0.031624           0.0270719          0.00108504
48            0.025684            0.027043          0.00106282
49            0.030064           0.0271047          0.00104292
50            0.020412           0.0269708          0.00103061
