           1    -4.89803
           2     -4.0736
           3    -3.46426
           4    -3.33016
           5    -2.85611
           6    -2.40721
           7    -2.01409
           8    -1.58668
           9    -1.28142
          10    -1.45424
          11    -1.30248
          12    -1.74597
          13    -1.76996
          14     -1.3804
          15    -1.23139
          16   -0.874574
          17   -0.899073
          18   -0.519693
          19   -0.487478
          20    0.359725
          21   -0.073754
          22    -0.12071
          23   -0.659965
          24   -0.909312
          25    -1.26214
          26   -0.774502
          27   -0.844091
          28   -0.817762
          29   -0.967451
          30   -0.845073
          31   -0.685525
          32    -0.72413
          33   -0.771321
          34   -0.620305
          35   -0.654405
          36   -0.458571
          37   -0.258879
          38   -0.179458
          39   -0.386208
          40   -0.430152
          41   -0.428234
          42   -0.105041
          43   -0.233575
          44   -0.303505
          45   -0.296938
          46   -0.472111
          47   -0.570687
          48   -0.670968
          49   -0.836448
          50   -0.634981
          51   -0.579058
          52   -0.632317
          53   -0.542668
          54   -0.516926
          55   -0.411329
          56   -0.786799
          57   -0.843575
          58   -0.942305
          59   -0.874643
          60   -0.671118
          61   -0.623189
          62   0.0817663
          63     0.11054
          64   -0.135076
          65  -0.0730431
          66     -0.3657
          67  -0.0915055
          68  -0.0920867
          69  -0.0956884
          70    0.283912
          71    0.175739
          72     0.41271
          73    0.310709
          74     0.25459
          75    0.165496
          76    0.178968
          77    -0.21355
          78   -0.526026
          79   -0.562707
          80    -0.57037
          81   -0.423983
          82    -0.51558
          83   -0.810809
          84   -0.392632
          85   0.0995272
          86   -0.292814
          87   -0.544433
          88   -0.499792
          89   -0.137881
          90  -0.0760487
          91    0.371582
          92    0.349174
          93   0.0462716
          94   -0.192267
          95   -0.236517
          96   -0.182323
          97    0.248545
          98   -0.145214
          99    0.218863
         100    0.087506
         101    0.425502
         102    0.487752
         103    0.407342
         104     0.15555
         105    0.143072
         106    0.268929
         107    0.362028
         108    0.518455
         109    0.411226
         110    0.405692
         111      0.3594
         112    0.153905
         113    0.268084
         114    0.445312
         115   0.0753314
         116   -0.379895
         117   -0.319944
         118   -0.153944
         119 0.000124051
         120    -0.19786
         121     0.28806
         122    0.470811
         123    0.718654
         124    0.758685
         125     1.06789
         126     0.82649
         127    0.486495
         128    0.758005
         129    0.845952
         130    0.509836
         131    0.583945
         132    0.904527
         133    0.681144
         134   0.0940396
         135    0.252646
         136   0.0387995
         137 -0.00901315
         138    0.239084
         139    0.170599
         140    0.141565
         141    0.167116
         142    0.106388
         143    0.197331
         144    0.127277
         145    0.282509
         146    0.286859
         147    0.428304
         148    0.338234
         149    0.338559
         150    0.172875
         151    0.395809
         152    0.333419
         153    0.609435
         154     1.06407
         155    0.933681
         156    0.835874
         157    0.584289
         158    0.542344
         159    0.906508
         160     1.23714
         161    0.459068
         162    0.373905
         163    0.568518
         164    0.335778
         165    0.449988
         166    0.621239
         167    0.783417
         168     0.87949
         169    0.654109
         170     1.04361
         171    0.481108
         172    0.706681
         173    0.437246
         174    0.658664
         175    0.594274
         176    0.736896
         177    0.681792
         178     0.83942
         179    0.827257
         180     1.17911
         181     1.35612
         182     1.40104
         183     1.57827
         184     1.83072
         185     1.14168
         186     1.78049
         187     1.99916
         188     1.55574
         189     1.22124
         190     1.35829
         191     1.39005
         192     1.28371
         193     1.14856
         194    0.767765
         195     1.41325
         196     1.33749
         197     1.83641
         198     1.23224
         199     1.17939
         200     1.24434
         201    0.947219
         202     1.02447
         203    0.931945
         204     1.03127
         205    0.887445
         206    0.747632
         207    0.610566
         208    0.819486
         209     0.86236
         210    0.911324
         211    0.561514
         212    0.851431
         213     1.14624
         214     1.40242
         215     1.47335
         216     1.43764
         217     1.18565
         218     1.39851
         219     1.16703
         220    0.798403
         221    0.892364
         222    0.656091
         223    0.804058
         224    0.716601
         225    0.873584
         226     1.06063
         227    0.927761
         228      1.4797
         229      1.4572
         230     1.45605
         231     1.52331
         232     1.86241
         233     1.89116
         234     1.88659
         235     1.98009
         236     1.53819
         237     1.73722
         238     2.29195
         239     2.69581
         240     2.69854
         241     2.37091
         242     1.85307
         243     1.26862
         244     1.29143
         245     1.54117
         246     1.50266
         247    0.965299
         248    0.542933
         249     1.06848
         250    0.878975
         251     1.41989
         252     1.42474
         253     1.52932
         254     1.17623
         255    0.859933
         256     0.89281
         257     1.19271
         258     1.50896
         259     1.03245
         260    0.683408
         261    0.741131
         262    0.520761
         263    0.772582
         264     1.40183
         265     1.16987
         266     1.46563
         267     1.15323
         268     1.43556
         269     1.26765
         270     1.18945
         271     1.32339
         272     1.36661
         273     1.59149
         274     1.34102
         275      1.2636
         276     1.27509
         277     1.18725
         278     1.37403
         279     1.63391
         280     1.50378
         281     1.28318
         282     1.50878
         283     1.63653
         284    0.925758
         285    0.722738
         286    0.729962
         287     0.88921
         288     1.18814
         289     1.15277
         290    0.735424
         291     1.25737
         292     1.10577
         293     1.63822
         294     1.36442
         295     1.41766
         296     1.04859
         297     1.34858
         298      1.2232
         299     1.12146
         300    0.923641
         301     1.29555
         302     1.12609
         303    0.797446
         304     1.37469
         305     1.18413
         306    0.700266
         307    0.925581
         308     1.23598
         309     1.56237
         310      1.6812
         311     1.99151
         312     1.70368
         313     1.15073
         314     1.27065
         315     1.40358
         316     1.03848
         317    0.811812
         318     0.64135
         319     0.72705
         320    0.869976
         321     1.46263
         322     1.22072
         323     1.85399
         324      1.6209
         325     1.50199
         326     1.53801
         327     1.54249
         328     1.25739
         329     1.20173
         330     1.37611
         331     1.13704
         332    0.807859
         333     1.06336
         334     1.26788
         335     1.18846
         336     1.24565
         337     1.10109
         338     1.32376
         339     1.06076
         340    0.710097
         341    0.271956
         342    0.857848
         343    0.792778
         344     1.12888
         345    0.863602
         346    0.957474
         347     1.24302
         348     1.37694
         349     1.22012
         350    0.859855
         351    0.741026
         352    0.889843
         353    0.874088
         354     1.40663
         355     1.52612
         356     1.58964
         357     1.76884
         358     1.59647
         359     1.85739
         360     1.80801
         361     1.50678
         362     1.52957
         363     1.63373
         364     2.21139
         365     1.85291
         366     1.66856
         367      2.0273
         368     1.58332
         369     1.61447
         370     1.68957
         371     1.66619
         372     1.94386
         373      1.7238
         374     1.20133
         375     1.50425
         376     1.12436
         377    0.946408
         378     1.02431
         379     1.53351
         380     1.39654
         381     1.60488
         382     1.67948
         383     1.49658
         384     1.41004
         385     1.19129
         386    0.849252
         387    0.755494
         388     1.45244
         389     1.06569
         390      1.1143
         391     1.33488
         392     1.70854
         393     1.67068
         394     1.37318
         395     1.50593
         396    0.966461
         397     1.04382
         398    0.780777
         399    0.531913
         400    0.550137
         401    0.774264
         402      1.0763
         403    0.870983
         404    0.494095
         405    0.565052
         406    0.603975
         407     0.41063
         408    0.622303
         409    0.589507
         410    0.519075
         411    0.527465
         412    0.787249
         413     1.42102
         414     1.37508
         415      1.5597
         416     1.24494
         417     2.06066
         418     1.70305
         419     1.93512
         420     1.59811
         421     1.17575
         422     1.10006
         423     1.27857
         424     1.29127
         425     1.49494
         426     1.86375
         427     2.14663
         428     2.37485
         429     2.56389
         430     2.20161
         431     1.78331
         432     2.06806
         433     2.08638
         434     2.14607
         435     2.03111
         436     1.94476
         437     2.16025
         438     2.01608
         439     1.95111
         440     1.75371
         441      1.4265
         442     1.07969
         443    0.489912
         444    0.604342
         445     1.09666
         446    0.800729
         447     1.26497
         448    0.775549
         449     1.19813
         450     1.29808
         451     1.56861
         452      1.3137
         453     1.27484
         454     1.18248
         455     1.11744
         456    0.955216
         457     1.13344
         458     1.45882
         459    0.923479
         460    0.804911
         461    0.764597
         462    0.918761
         463    0.951262
         464    0.999386
         465    0.672057
         466    0.862666
         467    0.603938
         468    0.853976
         469    0.655543
         470    0.664454
         471      1.1609
         472    0.763567
         473     1.01615
         474     1.15176
         475     1.24057
         476     1.32746
         477     1.51795
         478     1.38298
         479     1.01392
         480     1.30934
         481     1.39934
         482     1.46459
         483      1.3693
         484     1.54201
         485     1.61974
         486     1.61193
         487     1.45278
         488     1.09427
         489      1.3979
         490     1.28413
         491    0.707653
         492     1.04085
         493    0.776234
         494    0.725352
         495    0.809692
         496    0.793052
         497    0.749064
         498     1.09338
         499    0.863378
         500     1.11534
         501     1.22894
         502     1.17444
         503    0.772737
         504     1.38461
         505     1.25003
         506     1.39571
         507     1.04455
         508     1.15316
         509     1.46331
         510     1.36549
         511     1.06514
         512     1.37918
         513     1.32143
         514     1.20279
         515     1.52813
         516    0.992544
         517      1.2255
         518     1.39179
         519     1.62186
         520     1.08755
         521     1.21475
         522     1.78106
         523     1.45281
         524    0.769505
         525     0.49545
         526    0.541788
         527    0.187861
         528    -0.25673
         529    0.113702
         530    0.123205
         531    0.252648
         532    0.355302
         533    0.450222
         534    0.368674
         535    0.883073
         536     1.25612
         537    0.745419
         538    0.787771
         539    0.797447
         540     0.17795
         541     0.36722
         542    0.724994
         543    0.588648
         544     1.13193
         545    0.634096
         546    0.860438
         547    0.732517
         548    0.623722
         549    0.624426
         550    0.483704
         551       1.134
         552      1.0946
         553     1.37688
         554     1.69963
         555     2.24118
         556     1.62842
         557     1.27066
         558     1.05499
         559     1.13165
         560     1.21902
         561     1.22883
         562    0.689404
         563    0.403168
         564    0.721349
         565    0.901583
         566    0.686697
         567    0.624863
         568    0.466564
         569     0.87801
         570    0.800801
         571    0.829656
         572    0.892876
         573    0.716258
         574     1.24928
         575     1.32555
         576     1.42524
         577     1.13976
         578    0.915234
         579     1.33266
         580    0.812621
         581     1.06097
         582     1.23859
         583     1.09074
         584    0.945829
         585    0.939965
         586    0.999036
         587     1.21035
         588     1.36737
         589     1.10533
         590     1.43421
         591     1.38207
         592      1.2964
         593     1.39259
         594     1.44648
         595      1.7033
         596     1.45673
         597     1.84011
         598     1.57527
         599     2.11208
         600     1.93414
         601     1.60283
         602     1.43623
         603     1.62242
         604     1.34029
         605     1.49668
         606     1.58662
         607     1.72245
         608     1.51874
         609     1.44839
         610     1.36667
         611     1.44861
         612     1.09492
         613     1.14087
         614    0.490472
         615    0.497234
         616    0.833799
         617     1.22203
         618     1.13255
         619     1.23276
         620     1.50907
         621     1.35211
         622    0.856591
         623     0.76158
         624    0.658945
         625    0.730285
         626    0.633984
         627    0.788193
         628     1.10074
         629    0.900089
         630    0.609324
         631    0.735059
         632    0.720476
         633     1.05479
         634    0.846022
         635     1.03615
         636     1.31094
         637       1.423
         638     1.27774
         639     1.22209
         640     1.12129
         641    0.935921
         642     1.52297
         643      1.0831
         644      1.0722
         645      1.1025
         646     1.27628
         647     1.61444
         648     1.27792
         649     1.38636
         650     1.17681
         651    0.858585
         652     1.15206
         653     1.49268
         654     1.29136
         655     1.08767
         656     1.24547
         657     1.15274
         658    0.979712
         659    0.974297
         660     1.12945
         661    0.663464
         662    0.693274
         663    0.381364
         664    0.275477
         665    0.722569
         666    0.916359
         667     0.89209
         668     1.03046
         669     1.06273
         670     1.11648
         671     1.24439
         672      1.0037
         673    0.872438
         674      1.0995
         675    0.977058
         676     1.01301
         677     1.07134
         678    0.856238
         679     1.29481
         680     1.04277
         681    0.716282
         682     1.13943
         683     1.16842
         684     1.02662
         685    0.946102
         686    0.615306
         687    0.509986
         688    0.507018
         689    0.526534
         690    0.900684
         691     1.14917
         692     1.07251
         693     1.23419
         694     1.39655
         695    0.982947
         696    0.883118
         697     1.02902
         698    0.864541
         699    0.703689
         700    0.790954
         701    0.740515
         702    0.719249
         703    0.931321
         704    0.829348
         705     1.34366
         706     1.24849
         707     1.33936
         708     1.44571
         709     1.23603
         710     1.05349
         711     1.07102
         712     1.35913
         713     1.34326
         714     1.37157
         715     1.12078
         716     1.19907
         717     1.52969
         718     1.29691
         719     1.05235
         720     1.48852
         721     1.62619
         722     1.41206
         723     1.33909
         724     1.18441
         725     1.17754
         726     1.02144
         727    0.886786
         728     0.90653
         729    0.965659
         730      1.5715
         731     1.72521
         732     1.25625
         733      1.0737
         734    0.870937
         735    0.780759
         736    0.544546
         737    0.558931
         738    0.544545
         739    0.577289
         740     0.68956
         741     1.12772
         742     1.13477
         743     1.00318
         744     1.14689
         745     1.09561
         746    0.906666
         747    0.823256
         748    0.895199
         749    0.688021
         750     1.22261
         751     1.19209
         752     1.32488
         753     1.72892
         754     1.67218
         755     1.29489
         756     1.10924
         757     1.17801
         758     1.01683
         759     1.32276
         760     1.31892
         761     0.89185
         762    0.997146
         763    0.924201
         764      1.1662
         765     1.36946
         766     1.10367
         767    0.824482
         768       0.606
         769    0.710914
         770    0.904597
         771    0.954567
         772    0.867524
         773    0.901961
         774    0.452327
         775    0.880904
         776    0.533609
         777    0.699281
         778     1.25452
         779     1.33881
         780     1.45772
         781     1.45812
         782     1.21625
         783     1.48004
         784     1.29531
         785     1.31287
         786     1.24222
         787    0.899485
         788    0.497461
         789     0.33006
         790     0.46333
         791    0.422695
         792    0.722383
         793    0.328578
         794    0.571306
         795    0.431498
         796     0.16228
         797    0.595686
         798    0.595434
         799    0.718995
         800    0.601349
         801    0.861262
         802    0.644681
         803    0.312168
         804    0.424856
         805     0.91693
         806     1.32271
         807      1.3756
         808     0.67095
         809      1.0554
         810     1.32743
         811     1.32673
         812     1.36657
         813     1.08991
         814     1.20134
         815    0.844779
         816    0.754625
         817    0.998646
         818     1.36249
         819     1.63116
         820      1.8695
         821     1.56468
         822       1.574
         823      1.5311
         824     1.77877
         825     1.71933
         826     1.60039
         827     1.39433
         828     1.74121
         829     1.83777
         830      1.6798
         831     1.27398
         832     1.22914
         833     1.32949
         834      1.1874
         835     1.13284
         836    0.885551
         837    0.732149
         838     1.14575
         839     1.31178
         840     1.36609
         841     1.58326
         842     1.30475
         843     1.14224
         844     1.22139
         845       1.294
         846     1.74972
         847     1.82361
         848     1.66289
         849     1.50323
         850     1.63965
         851     1.59148
         852     1.34603
         853     1.59651
         854      1.6007
         855     1.59984
         856    0.974713
         857     1.36369
         858     1.35613
         859    0.971327
         860      1.3395
         861     1.62515
         862     1.86873
         863     1.50248
         864     1.12832
         865     1.58685
         866     1.74463
         867     1.82996
         868     1.84602
         869     1.88798
         870     1.64374
         871     1.07289
         872     1.41084
         873     1.20502
         874    0.998615
         875     1.36279
         876     1.24092
         877     1.31675
         878     1.65714
         879     1.59982
         880     1.71221
         881     1.45826
         882     1.24233
         883     1.42765
         884     1.73323
         885     1.22601
         886     1.55168
         887     1.70114
         888     1.39777
         889     1.39924
         890    0.849954
         891     1.30794
         892     1.45955
         893     1.85352
         894     1.69079
         895     1.66931
         896     0.99371
         897     1.37963
         898      1.5117
         899     1.60767
         900      1.9311
         901     1.64949
         902     1.51285
         903     1.60575
         904     1.74502
         905     1.75707
         906     1.68383
         907      1.4939
         908     1.57469
         909     1.89534
         910     1.63372
         911      1.9853
         912     2.37454
         913     2.40617
         914     2.51472
         915     2.49591
         916     2.08644
         917     1.81515
         918     1.95002
         919     2.54097
         920     2.48144
         921     2.37015
         922     2.28039
         923     1.60419
         924     2.08449
         925     2.34479
         926     1.91278
         927     1.97851
         928     1.93483
         929     1.49934
         930     1.53836
         931     1.67239
         932     1.39788
         933     1.27928
         934     1.38422
         935     1.35665
         936     1.28758
         937     1.78049
         938     1.73223
         939     1.68045
         940     1.85093
         941     2.00714
         942     1.74031
         943     1.46405
         944     1.40613
         945     1.47769
         946     1.76018
         947      1.6115
         948     1.65629
         949     1.91878
         950     1.70023
         951     1.98863
         952      1.3871
         953     1.67906
         954      1.8002
         955     2.06937
         956     1.94902
         957     1.58937
         958     1.88539
         959     1.80814
         960     2.09861
         961     2.52051
         962     2.13976
         963     2.10394
         964     2.02934
         965     1.94535
         966     1.71021
         967     1.98575
         968     2.44226
         969     2.18803
         970     1.62618
         971      1.3556
         972     1.63744
         973     1.49784
         974     1.11891
         975     1.33193
         976     1.21743
         977     1.34383
         978     1.48159
         979     1.71977
         980     1.72006
         981     1.54959
         982      1.6829
         983     1.95628
         984     2.56261
         985     2.32021
         986     2.26901
         987      2.5094
         988     2.14954
         989     2.71536
         990     2.02309
         991     2.17118
         992     2.11201
         993     2.14398
         994     1.73954
         995     1.70415
         996     1.51247
         997     1.46693
         998     1.50263
         999     1.34335
        1000     1.15635
