-0.410241            0.458333           -0.420885
-0.254517           -0.223038            0.412042
0.441682           -0.263464           -0.400935
-0.326441            0.478888           -0.296971
-0.217159            0.495263           -0.369094
0.112024           -0.302113           -0.438392
-0.281454           -0.310867           -0.479281
-0.0808131            0.418513            -0.23047
0.0569705            0.460905            0.387374
0.210561           -0.195318            0.415412
0.160339           -0.244328           -0.304037
0.262705           -0.475017           -0.329047
0.489525          -0.0658952            0.459198
-0.258891         0.000257825            -0.41714
0.458996            0.109996           -0.398941
-0.385219          -0.0877875           -0.212393
-0.305096          -0.0471917            0.496961
-0.100847           -0.141569            0.471917
-0.0958917          -0.0222949           -0.387062
-0.148537           -0.178717           -0.469712
0.08007          -0.0373193           -0.383388
0.377945           -0.080108           -0.471723
0.118879           0.0680061           -0.330627
0.374783           -0.162527            -0.47505
0.467181            0.280279           -0.365713
-0.278086            0.261713           -0.434966
-0.470285            0.278442           -0.285419
-0.443284            0.141236           -0.224684
-0.0848742             0.10356            0.413316
0.0792524             0.31183           -0.448837
-0.0482            0.313904           -0.306798
0.102519            0.138082           -0.212573
0.152827            0.218209           -0.449388
0.444234            0.317956            0.415337
0.289244            0.449897           -0.435894
0.445145            0.199352           -0.361947
-0.461688             0.44966           -0.113385
-0.398357           -0.357335             -0.2494
0.395916           -0.409972          0.00846977
-0.369045            0.393562            0.116329
-0.295778            0.379205            -0.17405
0.0170718            -0.16519           -0.051756
-0.123816           -0.370426            0.074349
-0.0392873            0.419337          -0.0862042
0.181927            0.415827           -0.272121
0.392917           -0.450347          -0.0777344
0.111202           -0.302869            -0.11838
0.429874             0.32467          0.00363965
0.396007           -0.252361          -0.0814861
-0.276334           0.0356125          -0.0320209
-0.468851           0.0679332            -0.12251
-0.449913           -0.170316           -0.127142
-0.303812            -0.26284           -0.180819
0.0861396          0.00855624          -0.0928095
-0.311615           -0.103949             0.14612
-0.0940847          -0.0622717           -0.112444
0.299824           -0.305043          -0.0584398
0.245737           -0.183604          -0.0550412
0.134529          -0.0744627          -0.0896115
0.289031          -0.0561926           0.0886128
0.451417            0.171157            -0.14689
-0.355031            0.384443           -0.285438
0.495723            0.389326          -0.0416403
-0.20113            0.178176            0.109259
-0.10316             0.19657           -0.305263
0.0526447            0.431433          -0.0393813
-0.0671192            0.420594             0.13653
0.0612446            0.272849            0.137403
0.198072            0.153809           -0.268337
0.420345            0.437719           -0.293237
0.204823            0.244102           0.0321025
0.239654            0.217772           -0.049206
0.454331            0.434959           0.0624137
-0.289456           -0.386775            0.178128
0.48947           -0.202284            0.254367
-0.337655           -0.484001            0.249211
-0.178634            0.457138             0.23543
-0.047387            -0.35259            0.244836
-0.206289           -0.427443            0.341966
0.041877           -0.450254            0.273825
0.207876            0.485044            0.160639
0.273777           -0.290194            0.061111
0.190388           -0.478191            0.305349
0.379233           -0.459702            0.370802
0.448203           -0.271643            0.209003
-0.301833           0.0535192            0.110271
-0.399965          -0.0741646            0.409013
-0.287336           -0.127789            0.262423
-0.165123           -0.303275           0.0908822
0.104118           0.0484285           0.0455468
-0.292441          -0.0545479            0.352406
0.017359            -0.12845            0.268663
0.232253           -0.228164            0.122003
0.221035            0.135913           0.0212405
0.253635          -0.0590855             0.23936
0.310393          -0.0419326            0.458769
-0.432409            0.215748           0.0527503
-0.300913            0.294564            0.235489
-0.381164            0.444486            0.437213
-0.427805            0.244216             0.34468
-0.224155            0.271511            0.292764
0.101711            0.325321            0.186444
-0.276268            0.256505            0.436902
-0.00861409            0.150727            0.437054
0.163436           0.0922429            0.065483
0.37859            0.390344           0.0443074
0.185642            0.321743            0.431202
0.38843           0.0632573            0.249963
