15.0368
14.762
13.5971
13.1185
12.7548
11.9266
11.9647
11.6749
10.1373
10.1373
10.1373
10.1069
9.70593
9.70593
9.66225
9.29622
9.25789
8.80817
8.60493
8.27029
8.20932
8.20932
8.09001
8.06281
8.06281
7.90076
7.90076
7.88586
7.74199
7.54987
7.5492
7.06103
7.06103
7.06103
7.04756
7.04756
6.96919
6.96919
6.66479
6.66479
6.66479
6.66479
6.66479
6.66479
6.66479
6.66479
6.63852
6.63852
6.63852
6.63852
6.57292
6.3584
6.33214
6.33214
6.33214
6.33214
6.33214
6.33214
6.33214
6.33214
6.33199
6.33199
6.33199
6.33199
6.33199
6.33199
6.33199
6.33199
6.33191
6.33191
5.87632
5.83506
5.83506
5.83498
5.7774
5.73613
5.73613
5.73613
5.73613
5.35811
5.35811
5.35811
5.35811
5.35811
5.35811
5.35811
5.35811
5.35811
5.35811
5.35811
5.35811
5.35811
5.35811
5.35811
5.35811
5.35811
5.35811
5.35811
5.31315
5.31315
5.31315
5.31315
5.31315
5.31315
5.31315
5.31315
5.31315
5.31315
5.31315
5.31315
5.31315
5.31315
5.31315
5.31315
5.31315
5.31315
5.31315
5.31315
5.31315
5.31315
5.31315
5.31315
5.31315
5.31315
5.31315
5.31315
5.31315
5.31315
5.31315
5.31315
5.31315
5.31315
5.31315
5.31315
5.31315
5.31315
5.31315
5.31315
5.31315
5.31315
5.31315
5.31312
5.31312
5.31312
5.31312
5.31312
5.31312
5.31312
5.31312
5.31312
5.31312
5.31312
5.31312
5.31312
5.31312
5.31312
5.31312
5.31312
5.31312
4.88793
4.88793
4.88793
4.88793
4.88793
4.88793
4.88793
4.88793
4.88793
4.88793
4.88793
4.88793
4.88793
4.88793
4.88793
4.88793
4.88793
4.88793
4.88793
4.88793
4.88793
4.88793
4.88793
4.88793
4.88793
4.88793
4.88793
4.88793
4.88793
4.88793
4.88793
4.88793
4.88793
4.88793
4.88793
4.88793
4.88793
4.88793
4.88793
4.88793
4.88793
4.88793
4.88793
4.88793
4.88793
4.88793
4.88793
4.88793
4.88793
4.88793
4.88793
4.88793
4.88793
4.88793
4.88793
4.88793
4.88793
4.88793
4.88793
4.88793
4.88793
4.88793
4.88793
4.88793
4.88793
4.88793
4.88793
4.88793
4.88793
4.88793
4.88793
4.88793
4.88793
4.88793
4.88793
4.88793
4.88793
4.88793
4.88793
4.88793
4.88793
4.88793
4.88793
4.88793
4.88793
4.88793
4.88793
4.88793
4.88793
4.88793
4.88793
4.88793
4.88793
4.88793
4.88793
4.88793
4.88793
4.88793
4.88793
4.88793
4.88793
4.88793
4.88793
4.88793
4.88793
4.88793
4.88793
4.88793
4.88793
4.88793
4.88793
4.88793
4.88793
4.88793
4.88793
4.88793
4.88793
4.88793
4.88793
4.88793
4.88793
4.88793
4.88793
4.88793
4.88793
4.88793
4.88793
4.88793
4.88793
4.88793
4.88793
4.88793
4.88793
4.88793
4.88793
4.88793
4.88793
4.88793
4.88793
4.88793
4.88793
4.88793
4.88793
4.88793
4.88793
4.88793
4.88793
4.88793
4.88793
4.88793
4.88793
4.88793
4.88793
4.88793
4.88793
4.88793
4.88793
4.88793
4.88793
4.88793
4.88793
4.88793
4.88793
4.88793
4.88793
4.88793
4.88793
4.88793
4.88793
4.88793
4.88793
4.88793
4.88793
4.88793
4.88793
4.88793
4.88793
4.88793
4.88793
4.88793
4.88793
4.88793
4.88793
4.88793
4.88793
4.88793
4.88793
4.88793
4.88793
4.88793
4.88793
4.88793
4.88793
4.88793
4.88793
4.88793
4.88793
4.88793
4.88793
4.88793
4.88793
4.88793
4.88793
4.88793
4.88793
4.88793
4.88793
4.88793
4.88793
4.88793
4.88793
4.88793
4.88793
4.88793
4.88793
4.88793
4.88793
4.88793
4.88793
4.88793
4.88793
4.88793
4.88793
4.88793
4.88793
4.88793
4.88793
4.88793
4.88793
4.88793
4.88793
4.88793
4.88793
4.88793
4.88793
4.88793
4.88793
4.88793
4.88793
4.88793
4.88793
4.88793
4.88793
4.88793
4.88793
4.88793
4.88793
4.88793
4.88793
4.88793
4.88793
4.88793
4.88793
4.88793
4.88793
4.88793
4.88793
4.88793
4.88793
4.88793
4.88793
4.88793
4.88793
4.88793
4.88793
4.88793
4.88793
4.88793
4.88793
4.88793
4.88793
4.88793
4.88793
4.88793
4.88793
4.88793
4.88793
4.88793
4.88793
4.88793
4.88793
4.88793
4.88793
4.88793
4.88793
4.88793
4.88793
4.88793
4.88793
4.88793
4.88793
4.88793
4.88793
4.88793
4.88793
4.88793
4.88793
4.88793
4.88793
4.88793
4.88793
4.88793
4.88793
4.88793
4.88793
4.88793
4.88793
4.88793
4.88793
4.88793
4.88793
4.88793
4.88793
4.88793
4.88793
4.88793
4.88793
4.88793
4.88793
4.88793
4.88793
4.88793
4.88793
4.88793
4.88793
4.88793
4.88793
4.88793
4.88793
4.88793
4.88793
4.88793
4.88793
4.88793
4.88793
4.88793
4.88793
4.88793
4.88793
4.88793
4.88793
4.88793
4.88793
4.88793
4.88793
4.88793
4.88793
4.88793
4.88793
4.88793
4.88793
4.88793
4.88793
4.88793
4.88793
4.88793
4.88793
4.88793
4.88793
4.88793
4.88793
4.88793
4.88793
4.88793
4.88793
4.88793
4.88793
4.88793
4.88793
4.88793
4.88793
4.88793
4.88793
4.88793
4.88793
4.88793
4.88793
4.88793
4.88793
4.88793
4.88793
4.88793
4.88793
4.88793
4.88793
4.88793
4.88793
4.88793
4.88793
4.88793
4.88793
4.88793
4.88793
4.88793
4.88793
4.88793
4.88793
4.88793
4.88793
4.88793
4.88793
4.88793
4.88793
4.88793
4.88793
4.88793
4.88793
4.88793
4.88793
4.88793
4.88793
4.88793
4.88793
4.88793
4.88793
4.88793
4.88793
4.88793
4.88793
4.88793
4.88793
4.88793
4.88793
4.88793
4.88793
4.88793
4.88793
4.88793
4.88793
4.88793
4.88793
4.88793
4.88793
4.88793
4.88793
4.88793
4.88793
4.88793
4.88793
4.88793
4.88793
4.88793
4.88793
4.88793
4.88793
4.88793
4.88793
4.88793
4.88793
4.88793
4.88793
4.88793
4.88793
4.88793
4.88793
4.88793
4.88793
4.88793
4.88793
4.88793
4.88793
4.88793
4.88793
4.88793
4.88793
4.88793
4.88793
4.88793
4.88793
4.88793
4.88793
4.88793
4.88793
4.88793
4.88793
4.88793
4.88793
4.88793
4.88793
4.88793
4.88793
4.88793
4.88793
4.88793
4.88793
4.88793
4.88793
4.88793
4.88793
4.88793
4.88793
4.88793
4.88793
4.88793
4.88793
4.88793
4.88793
4.88793
4.88793
4.88793
4.88793
4.88793
4.88793
4.88793
4.88793
4.88793
4.88793
4.88793
4.88793
4.88793
4.88793
4.88793
4.88793
4.88793
4.88793
4.88793
4.88793
4.88793
4.88793
4.88793
4.88793
4.88793
4.88793
4.88793
4.88793
4.88793
4.88793
4.88793
4.88793
4.88793
4.88793
4.88793
4.88793
4.88793
4.88793
4.88793
4.88793
4.88793
4.88793
4.88793
4.88793
4.88793
4.88793
4.88793
4.88793
4.88793
4.88793
4.88793
4.88793
4.88793
4.88793
4.88793
4.88793
4.88793
4.88793
4.88793
4.88793
4.88793
4.88793
4.88793
4.88793
4.88793
4.88793
4.88793
4.88793
4.88793
4.88793
4.88793
4.88793
4.88793
4.88793
4.88793
4.88793
4.88793
4.88793
4.88793
4.88793
4.88793
4.88793
4.88793
4.88793
4.88793
4.88793
4.88793
4.88793
4.88793
4.88793
4.88793
4.88793
4.88793
4.88793
4.88793
4.88793
4.88793
4.88793
4.88793
4.88793
4.88793
4.88793
4.88793
4.88793
4.88793
4.88793
4.88793
4.88793
4.88793
4.88793
4.88793
4.88793
4.88793
4.88793
4.88793
4.88793
4.88793
4.88793
4.88793
4.88793
4.88793
4.88793
4.88793
4.88793
4.88793
4.88793
4.88793
4.88793
4.88793
4.88793
4.88793
4.88793
4.88793
4.88793
4.88793
4.88793
4.88793
4.88793
4.88793
4.88793
4.88793
4.88793
4.88793
4.88793
4.88793
4.88793
4.88793
4.88793
4.88793
4.88793
4.88793
4.88793
4.88793
4.88793
4.88793
4.88793
4.88793
4.88793
4.88793
4.88793
4.88793
4.88793
4.88793
4.88793
4.88793
4.88793
4.88793
4.88793
4.88793
4.88793
4.88793
4.88793
4.88793
4.88793
4.88793
4.88793
4.88793
4.88793
4.88793
4.88793
4.88793
4.88793
4.88793
4.88793
4.88793
4.88793
4.88793
4.88793
4.88793
4.88793
4.88793
4.88793
4.88793
4.88793
4.88793
4.88793
4.88793
4.88793
4.88793
4.88793
4.88793
4.88793
4.88793
4.88793
4.88793
4.88793
4.88793
4.88793
4.88793
4.88793
4.88793
4.88793
4.88793
4.88793
4.88793
4.88793
4.88793
4.88793
4.88793
4.88793
4.88793
4.88793
4.88793
4.88793
4.88793
4.88793
4.88793
4.88793
4.88793
4.88793
4.88793
4.88793
4.88793
4.88793
4.88793
4.88793
4.88793
4.88793
4.88793
4.88793
4.88793
4.88793
4.88793
4.88793
4.88793
4.88793
4.88793
4.88793
4.88793
4.88793
4.88793
4.88793
4.88793
4.88793
4.88793
4.88793
4.88793
4.88793
4.88793
4.88793
4.88793
4.88793
4.88793
4.88793
4.88793
4.88793
4.88793
4.88793
4.88793
4.88793
4.88793
4.88793
4.88793
4.88793
4.88793
4.88793
4.88793
4.88793
4.88793
4.88793
4.88793
4.88793
4.88793
4.88793
4.88793
4.88793
4.88793
4.88793
4.88793
4.88793
4.88793
4.88793
4.88793
4.88793
4.88793
4.88793
4.88793
4.88793
4.88793
4.88793
4.88793
4.88793
4.88793
4.88793
4.88793
4.88793
4.88793
4.88793
4.88793
4.88793
4.88793
4.88793
4.88793
4.88793
4.88793
4.88793
4.88793
4.88793
4.88793
4.88793
4.88793
4.88793
4.88793
4.88793
4.88793
4.88793
4.88793
4.88793
4.88793
4.88793
4.88793
4.88793
4.88793
4.88793
4.88793
4.88793
4.88793
4.88793
4.88793
4.88793
4.88793
4.88793
4.88793
4.88793
