13.9388
13.4707
12.7971
12.2247
11.5114
11.3555
11.3555
10.5497
10.3924
10.2851
9.45448
9.31783
9.23262
9.23262
8.7028
8.7028
8.67714
8.61643
8.61564
8.34923
8.32357
8.26208
8.0925
8.0443
7.79703
7.701
7.701
7.66748
7.60769
7.58921
7.33969
7.33969
7.30749
7.30749
7.29833
7.29833
7.24875
7.2222
7.15996
6.66479
6.66479
6.66479
6.66479
6.66479
6.66479
6.64423
6.63849
6.63849
6.63849
6.61908
6.61908
6.40836
6.40836
6.40836
6.40836
6.3821
6.3821
6.19522
6.19522
6.16896
6.16896
6.16896
6.16896
6.16896
6.16896
6.16896
6.16896
6.16896
6.16896
6.16896
6.16896
6.16896
6.16896
6.16896
6.16896
6.16896
6.16896
6.16896
6.16896
5.72645
5.72645
5.72645
5.72645
5.72645
5.72645
5.72645
5.72645
5.52448
5.52448
5.52448
5.52448
5.52448
5.49311
5.49311
5.49311
5.49311
5.49311
5.49311
5.49311
5.49311
5.49311
5.49311
5.49311
5.49311
5.49311
5.49311
5.49311
5.49311
5.49311
5.49311
5.49311
5.49311
5.49311
5.49311
5.49311
5.49311
5.49311
5.49311
5.49311
5.31315
4.98437
4.98437
4.98437
4.98437
4.98437
4.9253
4.9253
4.9253
4.9253
4.9253
4.9253
4.9253
4.9253
4.9253
4.9253
4.9253
4.9253
4.9253
4.9253
4.9253
4.9253
4.9253
4.9253
4.9253
4.9253
4.9253
4.9253
4.9253
4.9253
4.9253
4.9253
4.9253
4.9253
4.9253
4.9253
4.9253
4.9253
4.9253
4.88793
4.88793
4.88793
4.88793
4.88793
4.88793
4.88793
4.88793
4.88793
4.88793
4.88793
4.88793
4.88793
4.88793
4.88793
4.88793
4.88793
4.88793
4.88793
4.88793
4.88793
4.88793
4.88793
4.88793
4.88793
4.88793
4.88793
4.88793
4.88793
4.88793
4.88793
4.88793
4.88793
4.88793
4.88793
4.88793
4.88793
4.88793
4.88793
4.88793
4.88793
4.88793
4.88793
4.88793
4.88793
4.88793
4.88793
4.88793
4.88793
4.88793
4.88793
4.88793
4.88793
4.88793
4.88793
4.88793
4.88793
4.88793
4.88793
4.88793
4.88793
4.88793
4.88793
4.88793
4.88793
4.88793
4.88793
4.88793
4.88793
4.88793
4.88793
4.88793
4.88793
4.88793
4.88793
4.88793
4.88793
4.88793
4.88793
4.88793
4.88793
4.88793
4.88793
4.88793
4.88793
4.88793
4.88793
4.88793
4.88793
4.88793
4.88793
4.88793
4.88793
4.88793
4.88793
4.88793
4.88793
4.88793
4.88793
4.88793
4.88793
4.88793
4.88793
4.88793
4.88793
4.88793
4.88793
4.88793
4.88793
4.88793
4.88793
4.88793
4.88793
4.88793
4.88793
4.88793
4.88793
4.88793
4.88793
4.88793
4.88793
4.88793
4.88793
4.88793
4.88793
4.88793
4.88793
4.88793
4.88793
4.88793
4.88793
4.88793
4.88793
4.88793
4.88793
4.88793
4.88793
4.88793
4.88793
4.88793
4.88793
4.88793
4.88793
4.88793
4.88793
4.88793
4.88793
4.88793
4.88793
4.88793
4.88793
4.88793
4.88793
4.88793
4.88793
4.88793
4.88793
4.88793
4.88793
4.88793
4.88793
4.88793
4.88793
4.88793
4.88793
4.88793
4.88793
4.88793
4.88793
4.88793
4.88793
4.88793
4.88793
4.88793
4.88793
4.88793
4.88793
4.88793
4.88793
4.88793
4.88793
4.88793
4.88793
4.88793
4.88793
4.88793
4.88793
4.88793
4.88793
4.88793
4.88793
4.88793
4.88793
4.88793
4.88793
4.88793
4.88793
4.88793
4.88793
4.88793
4.88793
4.88793
4.88793
4.88793
4.88793
4.88793
4.88793
4.88793
4.88793
4.88793
4.88793
4.88793
4.88793
4.88793
4.88793
4.88793
4.88793
4.88793
4.88793
4.88793
4.88793
4.88793
4.88793
4.88793
4.88793
4.88793
4.88793
4.88793
4.88793
4.88793
4.88793
4.88793
4.88793
4.88793
4.88793
4.88793
4.88793
4.88793
4.88793
4.88793
4.88793
4.88793
4.88793
4.88793
4.88793
4.88793
4.88793
4.88793
4.88793
4.88793
4.88793
4.88793
4.88793
4.88793
4.88793
4.88793
4.88793
4.88793
4.88793
4.88793
4.88793
4.88793
4.88793
4.88793
4.88793
4.88793
4.88793
4.88793
4.88793
4.88793
4.88793
4.88793
4.88793
4.88793
4.88793
4.88793
4.88793
4.88793
4.88793
4.88793
4.88793
4.88793
4.88793
4.88793
4.88793
4.88793
4.88793
4.88793
4.88793
4.88793
4.88793
4.88793
4.88793
4.88793
4.88793
4.88793
4.88793
4.88793
4.88793
4.88793
4.88793
4.88793
4.88793
4.88793
4.88793
4.88793
4.88793
4.88793
4.88793
4.88793
4.88793
4.88793
4.88793
4.88793
4.88793
4.88793
4.88793
4.88793
4.88793
4.88793
4.88793
4.88793
4.88793
4.88793
4.88793
4.88793
4.88793
4.88793
4.88793
4.88793
4.88793
4.88793
4.88793
4.88793
4.88793
4.88793
4.88793
4.88793
4.88793
4.88793
4.88793
4.88793
4.88793
4.88793
4.88793
4.88793
4.88793
4.88793
4.88793
4.88793
4.88793
4.88793
4.88793
4.88793
4.88793
4.88793
4.88793
4.88793
4.88793
4.88793
4.88793
4.88793
4.88793
4.88793
4.88793
4.88793
4.88793
4.88793
4.88793
4.88793
4.88793
4.88793
4.88793
4.88793
4.88793
4.88793
4.88793
4.88793
4.88793
4.88793
4.88793
4.88793
4.88793
4.88793
4.88793
4.88793
4.88793
4.88793
4.88793
4.88793
4.88793
4.88793
4.88793
4.88793
4.88793
4.88793
4.88793
4.88793
4.88793
4.88793
4.88793
4.88793
4.88793
4.88793
4.88793
4.88793
4.88793
4.88793
4.88793
4.88793
4.88793
4.88793
4.88793
4.88793
4.88793
4.88793
4.88793
4.88793
4.88793
4.88793
4.88793
4.88793
4.88793
4.88793
4.88793
4.88793
4.88793
4.88793
4.88793
4.88793
4.88793
4.88793
4.88793
4.88793
4.88793
4.88793
4.88793
4.88793
4.88793
4.88793
4.88793
4.88793
4.88793
4.88793
4.88793
4.88793
4.88793
4.88793
4.88793
4.88793
4.88793
4.88793
4.88793
4.88793
4.88793
4.88793
4.88793
4.88793
4.88793
4.88793
4.88793
4.88793
4.88793
4.88793
4.88793
4.88793
4.88793
4.88793
4.88793
4.88793
4.88793
4.88793
4.88793
4.88793
4.88793
4.88793
4.88793
4.88793
4.88793
4.88793
4.88793
4.88793
4.88793
4.88793
4.88793
4.88793
4.88793
4.88793
4.88793
4.88793
4.88793
4.88793
4.88793
4.88793
4.88793
4.88793
4.88793
4.88793
4.88793
4.88793
4.88793
4.88793
4.88793
4.88793
4.88793
4.88793
4.88793
4.88793
4.88793
4.88793
4.88793
4.88793
4.88793
4.88793
4.88793
4.88793
4.88793
4.88793
4.88793
4.88793
4.88793
4.88793
4.88793
4.88793
4.88793
4.88793
4.88793
4.88793
4.88793
4.88793
4.88793
4.88793
4.88793
4.88793
4.88793
4.88793
4.88793
4.88793
4.88793
4.88793
4.88793
4.88793
4.88793
4.88793
4.88793
4.88793
4.88793
4.88793
4.88793
4.88793
4.88793
4.88793
4.88793
4.88793
4.88793
4.88793
4.88793
4.88793
4.88793
4.88793
4.88793
4.88793
4.88793
4.88793
4.88793
4.88793
4.88793
4.88793
4.88793
4.88793
4.88793
4.88793
4.88793
4.88793
4.88793
4.88793
4.88793
4.88793
4.88793
4.88793
4.88793
4.88793
4.88793
4.88793
4.88793
4.88793
4.88793
4.88793
4.88793
4.88793
4.88793
4.88793
4.88793
4.88793
4.88793
4.88793
4.88793
4.88793
4.88793
4.88793
4.88793
4.88793
4.88793
4.88793
4.88793
4.88793
4.88793
4.88793
4.88793
4.88793
4.88793
4.88793
4.88793
4.88793
4.88793
4.88793
4.88793
4.88793
4.88793
4.88793
4.88793
4.88793
4.88793
4.88793
4.88793
4.88793
4.88793
4.88793
4.88793
4.88793
4.88793
4.88793
4.88793
4.88793
4.88793
4.88793
4.88793
4.88793
4.88793
4.88793
4.88793
4.88793
4.88793
4.88793
4.88793
4.88793
4.88793
4.88793
4.88793
4.88793
4.88793
4.88793
4.88793
4.88793
4.88793
4.88793
4.88793
4.88793
4.88793
4.88793
4.88793
4.88793
4.88793
4.88793
4.88793
4.88793
4.88793
4.88793
4.88793
4.88793
4.88793
4.88793
4.88793
4.88793
4.88793
4.88793
4.88793
4.88793
4.88793
4.88793
4.88793
4.88793
4.88793
4.88793
4.88793
4.88793
4.88793
4.88793
4.88793
4.88793
4.88793
4.88793
4.88793
4.88793
4.88793
4.88793
4.88793
4.88793
4.88793
4.88793
4.88793
4.88793
4.88793
4.88793
4.88793
4.88793
4.88793
4.88793
4.88793
4.88793
4.88793
4.88793
4.88793
4.88793
4.88793
4.88793
4.88793
4.88793
4.88793
4.88793
4.88793
4.88793
4.88793
4.88793
4.88793
4.88793
4.88793
4.88793
4.88793
4.88793
4.88793
4.88793
4.88793
4.88793
4.88793
4.88793
4.88793
4.88793
4.88793
4.88793
4.88793
4.88793
4.88793
4.88793
4.88793
4.88793
4.88793
4.88793
4.88793
4.88793
4.88793
4.88793
4.88793
4.88793
4.88793
4.88793
4.88793
4.88793
4.88793
4.88793
4.88793
4.88793
4.88793
4.88793
4.88793
4.88793
4.88793
4.88793
4.88793
4.88793
4.88793
4.88793
4.88793
4.88793
4.88793
4.88793
4.88793
4.88793
4.88793
4.88793
4.88793
4.88793
4.88793
4.88793
4.88793
4.88793
4.88793
4.88793
4.88793
4.88793
4.88793
4.88793
4.88793
4.88793
4.88793
4.88793
4.88793
4.88793
4.88793
4.88793
4.88793
4.88793
4.88793
4.88793
4.88793
4.88793
4.88793
4.88793
4.88793
4.88793
4.88793
4.88793
4.88793
4.88793
4.88793
4.88793
4.88793
4.88793
4.88793
4.88793
4.88793
4.88793
4.88793
4.88793
4.88793
4.88793
4.88793
4.88793
4.88793
4.88793
4.88793
4.88793
4.88793
4.88793
4.88793
4.88793
4.88793
4.88793
4.88793
4.88793
4.88793
4.88793
