14.3571
12.9935
12.0808
12.0808
11.5715
11.0623
11.0282
10.5899
10.553
10.2976
10.1958
10.015
9.92747
9.38261
9.38261
9.17356
9.17356
9.17356
9.17356
8.78632
8.78632
8.0924
8.0924
8.0924
7.9835
7.9835
7.83333
7.83333
7.79596
7.79596
7.79596
7.77452
7.40146
7.40146
7.39064
7.34493
7.2308
7.2308
7.2308
6.53411
6.53411
6.53411
6.53411
6.49043
6.49043
6.49043
6.49043
6.49043
6.4513
6.4513
6.4513
6.4513
6.4513
6.34899
6.34899
6.34899
6.34899
6.34899
6.34899
6.3096
6.18838
6.18838
6.14898
6.14898
6.14898
6.14898
6.14898
6.14554
6.14554
6.11926
6.02184
6.02184
5.99212
5.93962
5.82769
5.81783
5.81783
5.73871
5.73561
5.73561
5.72645
5.72645
5.65553
5.64636
5.64636
5.64122
5.64122
5.62549
5.62035
5.37515
5.37515
5.37515
5.37515
5.37515
5.37515
5.37515
5.37515
5.37515
5.37515
5.37515
5.37515
5.37515
5.37515
5.37515
5.37515
5.37515
5.36093
5.36093
5.36093
5.36093
5.36093
5.36093
5.36093
5.36042
5.36042
5.36042
5.36042
5.36042
5.36042
5.31315
5.31315
4.91578
4.91578
4.91578
4.91578
4.91578
4.91578
4.91578
4.91578
4.91578
4.91578
4.91578
4.91578
4.91578
4.91578
4.91578
4.91578
4.91578
4.91578
4.91578
4.91578
4.91578
4.91578
4.91578
4.91578
4.91578
4.91578
4.91578
4.91578
4.91578
4.91578
4.91578
4.91578
4.91578
4.91578
4.91578
4.91578
4.91578
4.91578
4.91578
4.91578
4.91578
4.91578
4.91578
4.91578
4.91578
4.91578
4.91578
4.91578
4.91578
4.91578
4.91578
4.91578
4.91578
4.91578
4.91578
4.91578
4.91578
4.91578
4.91578
4.91578
4.91578
4.91578
4.91578
4.91578
4.91578
4.91578
4.91578
4.91578
4.91578
4.91578
4.91578
4.91578
4.91578
4.91578
4.91578
4.91578
4.91578
4.91578
4.91578
4.91578
4.91578
4.91578
4.91578
4.91578
4.91578
4.91578
4.91578
4.91578
4.91578
4.91578
4.91578
4.91578
4.91578
4.91578
4.91578
4.91578
4.91578
4.91578
4.91578
4.91578
4.91578
4.91578
4.91578
4.91578
4.91578
4.91578
4.91578
4.91578
4.91578
4.91578
4.91578
4.91578
4.91578
4.91578
4.91578
4.91578
4.91578
4.91578
4.88793
4.88793
4.88793
4.88793
4.88793
4.88793
4.88793
4.88793
4.88793
4.88793
4.88793
4.88793
4.88793
4.88793
4.88793
4.88793
4.88793
4.88793
4.88793
4.88793
4.88793
4.88793
4.88793
4.88793
4.88793
4.88793
4.88793
4.88793
4.88793
4.88793
4.88793
4.88793
4.88793
4.88793
4.88793
4.88793
4.88793
4.88793
4.88793
4.88793
4.88793
4.88793
4.88793
4.88793
4.88793
4.88793
4.88793
4.88793
4.88793
4.88793
4.88793
4.88793
4.88793
4.88793
4.88793
4.88793
4.88793
4.88793
4.88793
4.88793
4.88793
4.88793
4.88793
4.88793
4.88793
4.88793
4.88793
4.88793
4.88793
4.88793
4.88793
4.88793
4.88793
4.88793
4.88793
4.88793
4.88793
4.88793
4.88793
4.88793
4.88793
4.88793
4.88793
4.88793
4.88793
4.88793
4.88793
4.88793
4.88793
4.88793
4.88793
4.88793
4.88793
4.88793
4.88793
4.88793
4.88793
4.88793
4.88793
4.88793
4.88793
4.88793
4.88793
4.88793
4.88793
4.88793
4.88793
4.88793
4.88793
4.88793
4.88793
4.88793
4.88793
4.88793
4.88793
4.88793
4.88793
4.88793
4.88793
4.88793
4.88793
4.88793
4.88793
4.88793
4.88793
4.88793
4.88793
4.88793
4.88793
4.88793
4.88793
4.88793
4.88793
4.88793
4.88793
4.88793
4.88793
4.88793
4.88793
4.88793
4.88793
4.88793
4.88793
4.88793
4.88793
4.88793
4.88793
4.88793
4.88793
4.88793
4.88793
4.88793
4.88793
4.88793
4.88793
4.88793
4.88793
4.88793
4.88793
4.88793
4.88793
4.88793
4.88793
4.88793
4.88793
4.88793
4.88793
4.88793
4.88793
4.88793
4.88793
4.88793
4.88793
4.88793
4.88793
4.88793
4.88793
4.88793
4.88793
4.88793
4.88793
4.88793
4.88793
4.88793
4.88793
4.88793
4.88793
4.88793
4.88793
4.88793
4.88793
4.88793
4.88793
4.88793
4.88793
4.88793
4.88793
4.88793
4.88793
4.88793
4.88793
4.88793
4.88793
4.88793
4.88793
4.88793
4.88793
4.88793
4.88793
4.88793
4.88793
4.88793
4.88793
4.88793
4.88793
4.88793
4.88793
4.88793
4.88793
4.88793
4.88793
4.88793
4.88793
4.88793
4.88793
4.88793
4.88793
4.88793
4.88793
4.88793
4.88793
4.88793
4.88793
4.88793
4.88793
4.88793
4.88793
4.88793
4.88793
4.88793
4.88793
4.88793
4.88793
4.88793
4.88793
4.88793
4.88793
4.88793
4.88793
4.88793
4.88793
4.88793
4.88793
4.88793
4.88793
4.88793
4.88793
4.88793
4.88793
4.88793
4.88793
4.88793
4.88793
4.88793
4.88793
4.88793
4.88793
4.88793
4.88793
4.88793
4.88793
4.88793
4.88793
4.88793
4.88793
4.88793
4.88793
4.88793
4.88793
4.88793
4.88793
4.88793
4.88793
4.88793
4.88793
4.88793
4.88793
4.88793
4.88793
4.88793
4.88793
4.88793
4.88793
4.88793
4.88793
4.88793
4.88793
4.88793
4.88793
4.88793
4.88793
4.88793
4.88793
4.88793
4.88793
4.88793
4.88793
4.88793
4.88793
4.88793
4.88793
4.88793
4.88793
4.88793
4.88793
4.88793
4.88793
4.88793
4.88793
4.88793
4.88793
4.88793
4.88793
4.88793
4.88793
4.88793
4.88793
4.88793
4.88793
4.88793
4.88793
4.88793
4.88793
4.88793
4.88793
4.88793
4.88793
4.88793
4.88793
4.88793
4.88793
4.88793
4.88793
4.88793
4.88793
4.88793
4.88793
4.88793
4.88793
4.88793
4.88793
4.88793
4.88793
4.88793
4.88793
4.88793
4.88793
4.88793
4.88793
4.88793
4.88793
4.88793
4.88793
4.88793
4.88793
4.88793
4.88793
4.88793
4.88793
4.88793
4.88793
4.88793
4.88793
4.88793
4.88793
4.88793
4.88793
4.88793
4.88793
4.88793
4.88793
4.88793
4.88793
4.88793
4.88793
4.88793
4.88793
4.88793
4.88793
4.88793
4.88793
4.88793
4.88793
4.88793
4.88793
4.88793
4.88793
4.88793
4.88793
4.88793
4.88793
4.88793
4.88793
4.88793
4.88793
4.88793
4.88793
4.88793
4.88793
4.88793
4.88793
4.88793
4.88793
4.88793
4.88793
4.88793
4.88793
4.88793
4.88793
4.88793
4.88793
4.88793
4.88793
4.88793
4.88793
4.88793
4.88793
4.88793
4.88793
4.88793
4.88793
4.88793
4.88793
4.88793
4.88793
4.88793
4.88793
4.88793
4.88793
4.88793
4.88793
4.88793
4.88793
4.88793
4.88793
4.88793
4.88793
4.88793
4.88793
4.88793
4.88793
4.88793
4.88793
4.88793
4.88793
4.88793
4.88793
4.88793
4.88793
4.88793
4.88793
4.88793
4.88793
4.88793
4.88793
4.88793
4.88793
4.88793
4.88793
4.88793
4.88793
4.88793
4.88793
4.88793
4.88793
4.88793
4.88793
4.88793
4.88793
4.88793
4.88793
4.88793
4.88793
4.88793
4.88793
4.88793
4.88793
4.88793
4.88793
4.88793
4.88793
4.88793
4.88793
4.88793
4.88793
4.88793
4.88793
4.88793
4.88793
4.88793
4.88793
4.88793
4.88793
4.88793
4.88793
4.88793
4.88793
4.88793
4.88793
4.88793
4.88793
4.88793
4.88793
4.88793
4.88793
4.88793
4.88793
4.88793
4.88793
4.88793
4.88793
4.88793
4.88793
4.88793
4.88793
4.88793
4.88793
4.88793
4.88793
4.88793
4.88793
4.88793
4.88793
4.88793
4.88793
4.88793
4.88793
4.88793
4.88793
4.88793
4.88793
4.88793
4.88793
4.88793
4.88793
4.88793
4.88793
4.88793
4.88793
4.88793
4.88793
4.88793
4.88793
4.88793
4.88793
4.88793
4.88793
4.88793
4.88793
4.88793
4.88793
4.88793
4.88793
4.88793
4.88793
4.88793
4.88793
4.88793
4.88793
4.88793
4.88793
4.88793
4.88793
4.88793
4.88793
4.88793
4.88793
4.88793
4.88793
4.88793
4.88793
4.88793
4.88793
4.88793
4.88793
4.88793
4.88793
4.88793
4.88793
4.88793
4.88793
4.88793
4.88793
4.88793
4.88793
4.88793
4.88793
4.88793
4.88793
4.88793
4.88793
4.88793
4.88793
4.88793
4.88793
4.88793
4.88793
4.88793
4.88793
4.88793
4.88793
4.88793
4.88793
4.88793
4.88793
4.88793
4.88793
4.88793
4.88793
4.88793
4.88793
4.88793
4.88793
4.88793
4.88793
4.88793
4.88793
4.88793
4.88793
4.88793
4.88793
4.88793
4.88793
4.88793
4.88793
4.88793
4.88793
4.88793
4.88793
4.88793
4.88793
4.88793
4.88793
4.88793
4.88793
4.88793
4.88793
4.88793
4.88793
4.88793
4.88793
4.88793
4.88793
4.88793
4.88793
4.88793
4.88793
4.88793
4.88793
4.88793
4.88793
4.88793
4.88793
4.88793
4.88793
4.88793
4.88793
4.88793
4.88793
4.88793
4.88793
4.88793
4.88793
4.88793
4.88793
4.88793
4.88793
4.88793
4.88793
4.88793
4.88793
4.88793
4.88793
4.88793
4.88793
4.88793
4.88793
4.88793
4.88793
4.88793
4.88793
4.88793
4.88793
4.88793
4.88793
4.88793
4.88793
4.88793
4.88793
4.88793
4.88793
4.88793
4.88793
4.88793
4.88793
4.88793
4.88793
4.88793
4.88793
4.88793
4.88793
4.88793
4.88793
4.88793
4.88793
4.88793
4.88793
4.88793
4.88793
4.88793
4.88793
4.88793
4.88793
4.88793
4.88793
4.88793
4.88793
4.88793
4.88793
4.88793
4.88793
4.88793
4.88793
4.88793
4.88793
4.88793
4.88793
4.88793
4.88793
4.88793
4.88793
4.88793
4.88793
4.88793
4.88793
4.88793
4.88793
4.88793
4.88793
4.88793
4.88793
4.88793
4.88793
4.88793
4.88793
4.88793
4.88793
4.88793
4.88793
4.88793
4.88793
