14.4924
14.1933
13.2762
12.6742
12.2795
11.4512
11.2325
10.7525
10.7525
10.5747
10.0338
10.0338
9.65845
9.47482
9.2464
9.2464
9.23224
8.67162
8.67162
8.61638
8.60109
8.51611
7.88295
7.88295
7.73446
7.67922
7.63896
7.58373
7.49799
7.23238
7.23238
7.04014
7.04014
6.88541
6.81281
6.81281
6.71412
6.71412
6.71061
6.71061
6.71061
6.52042
6.22127
6.22127
6.22127
6.07903
6.07903
6.07903
6.07903
6.07903
6.06521
6.06521
6.06521
6.0399
6.02608
5.99691
5.55994
5.55994
5.52967
5.49163
5.4901
5.4901
5.43774
5.43774
5.43774
5.43774
5.42194
5.42194
5.42194
5.37391
5.37391
5.37391
5.35811
5.35811
5.35811
5.35811
5.35811
5.35811
5.35811
5.35811
5.35811
5.31315
5.31315
5.31315
5.31315
5.31315
5.31315
5.31315
5.31315
5.31315
5.31315
5.31315
5.31315
5.31315
5.31315
5.31315
5.31315
5.31315
5.31315
5.31315
5.31315
5.31315
5.31315
5.31315
5.31315
5.31315
5.31315
5.31315
5.31315
5.31315
5.31315
5.31315
5.31315
5.31315
5.31315
5.31315
5.31315
5.31315
5.31315
5.31315
5.30587
5.30587
5.30587
5.30587
5.30587
5.30587
5.30587
5.30587
5.30587
5.30587
5.30587
5.30587
5.30587
5.30587
5.30587
5.30587
5.30587
5.30587
5.30587
5.30587
5.30587
5.30587
5.30587
5.30587
5.30587
5.30587
5.30587
5.30587
5.30587
5.30587
5.30587
5.30587
5.30587
5.30587
5.30587
5.30587
5.30587
5.30587
5.30587
4.91578
4.91578
4.91578
4.91578
4.91578
4.91578
4.91578
4.91578
4.91578
4.91578
4.91578
4.91578
4.91578
4.91578
4.91578
4.91578
4.91578
4.91578
4.91578
4.91578
4.91578
4.91578
4.91578
4.91578
4.91578
4.91578
4.91578
4.91578
4.91578
4.91578
4.91578
4.91578
4.91578
4.91578
4.91578
4.91578
4.91578
4.91578
4.91578
4.91578
4.91578
4.91578
4.91578
4.91578
4.91578
4.91578
4.91578
4.91578
4.91578
4.91578
4.91578
4.91578
4.91578
4.91578
4.91578
4.91578
4.91578
4.91578
4.91578
4.91578
4.91578
4.91578
4.91578
4.91578
4.91578
4.91578
4.91578
4.91578
4.91578
4.91578
4.91578
4.91578
4.91578
4.91578
4.91578
4.91578
4.91578
4.91578
4.91578
4.91578
4.88793
4.88793
4.88793
4.88793
4.88793
4.88793
4.88793
4.88793
4.88793
4.88793
4.88793
4.88793
4.88793
4.88793
4.88793
4.88793
4.88793
4.88793
4.88793
4.88793
4.88793
4.88793
4.88793
4.88793
4.88793
4.88793
4.88793
4.88793
4.88793
4.88793
4.88793
4.88793
4.88793
4.88793
4.88793
4.88793
4.88793
4.88793
4.88793
4.88793
4.88793
4.88793
4.88793
4.88793
4.88793
4.88793
4.88793
4.88793
4.88793
4.88793
4.88793
4.88793
4.88793
4.88793
4.88793
4.88793
4.88793
4.88793
4.88793
4.88793
4.88793
4.88793
4.88793
4.88793
4.88793
4.88793
4.88793
4.88793
4.88793
4.88793
4.88793
4.88793
4.88793
4.88793
4.88793
4.88793
4.88793
4.88793
4.88793
4.88793
4.88793
4.88793
4.88793
4.88793
4.88793
4.88793
4.88793
4.88793
4.88793
4.88793
4.88793
4.88793
4.88793
4.88793
4.88793
4.88793
4.88793
4.88793
4.88793
4.88793
4.88793
4.88793
4.88793
4.88793
4.88793
4.88793
4.88793
4.88793
4.88793
4.88793
4.88793
4.88793
4.88793
4.88793
4.88793
4.88793
4.88793
4.88793
4.88793
4.88793
4.88793
4.88793
4.88793
4.88793
4.88793
4.88793
4.88793
4.88793
4.88793
4.88793
4.88793
4.88793
4.88793
4.88793
4.88793
4.88793
4.88793
4.88793
4.88793
4.88793
4.88793
4.88793
4.88793
4.88793
4.88793
4.88793
4.88793
4.88793
4.88793
4.88793
4.88793
4.88793
4.88793
4.88793
4.88793
4.88793
4.88793
4.88793
4.88793
4.88793
4.88793
4.88793
4.88793
4.88793
4.88793
4.88793
4.88793
4.88793
4.88793
4.88793
4.88793
4.88793
4.88793
4.88793
4.88793
4.88793
4.88793
4.88793
4.88793
4.88793
4.88793
4.88793
4.88793
4.88793
4.88793
4.88793
4.88793
4.88793
4.88793
4.88793
4.88793
4.88793
4.88793
4.88793
4.88793
4.88793
4.88793
4.88793
4.88793
4.88793
4.88793
4.88793
4.88793
4.88793
4.88793
4.88793
4.88793
4.88793
4.88793
4.88793
4.88793
4.88793
4.88793
4.88793
4.88793
4.88793
4.88793
4.88793
4.88793
4.88793
4.88793
4.88793
4.88793
4.88793
4.88793
4.88793
4.88793
4.88793
4.88793
4.88793
4.88793
4.88793
4.88793
4.88793
4.88793
4.88793
4.88793
4.88793
4.88793
4.88793
4.88793
4.88793
4.88793
4.88793
4.88793
4.88793
4.88793
4.88793
4.88793
4.88793
4.88793
4.88793
4.88793
4.88793
4.88793
4.88793
4.88793
4.88793
4.88793
4.88793
4.88793
4.88793
4.88793
4.88793
4.88793
4.88793
4.88793
4.88793
4.88793
4.88793
4.88793
4.88793
4.88793
4.88793
4.88793
4.88793
4.88793
4.88793
4.88793
4.88793
4.88793
4.88793
4.88793
4.88793
4.88793
4.88793
4.88793
4.88793
4.88793
4.88793
4.88793
4.88793
4.88793
4.88793
4.88793
4.88793
4.88793
4.88793
4.88793
4.88793
4.88793
4.88793
4.88793
4.88793
4.88793
4.88793
4.88793
4.88793
4.88793
4.88793
4.88793
4.88793
4.88793
4.88793
4.88793
4.88793
4.88793
4.88793
4.88793
4.88793
4.88793
4.88793
4.88793
4.88793
4.88793
4.88793
4.88793
4.88793
4.88793
4.88793
4.88793
4.88793
4.88793
4.88793
4.88793
4.88793
4.88793
4.88793
4.88793
4.88793
4.88793
4.88793
4.88793
4.88793
4.88793
4.88793
4.88793
4.88793
4.88793
4.88793
4.88793
4.88793
4.88793
4.88793
4.88793
4.88793
4.88793
4.88793
4.88793
4.88793
4.88793
4.88793
4.88793
4.88793
4.88793
4.88793
4.88793
4.88793
4.88793
4.88793
4.88793
4.88793
4.88793
4.88793
4.88793
4.88793
4.88793
4.88793
4.88793
4.88793
4.88793
4.88793
4.88793
4.88793
4.88793
4.88793
4.88793
4.88793
4.88793
4.88793
4.88793
4.88793
4.88793
4.88793
4.88793
4.88793
4.88793
4.88793
4.88793
4.88793
4.88793
4.88793
4.88793
4.88793
4.88793
4.88793
4.88793
4.88793
4.88793
4.88793
4.88793
4.88793
4.88793
4.88793
4.88793
4.88793
4.88793
4.88793
4.88793
4.88793
4.88793
4.88793
4.88793
4.88793
4.88793
4.88793
4.88793
4.88793
4.88793
4.88793
4.88793
4.88793
4.88793
4.88793
4.88793
4.88793
4.88793
4.88793
4.88793
4.88793
4.88793
4.88793
4.88793
4.88793
4.88793
4.88793
4.88793
4.88793
4.88793
4.88793
4.88793
4.88793
4.88793
4.88793
4.88793
4.88793
4.88793
4.88793
4.88793
4.88793
4.88793
4.88793
4.88793
4.88793
4.88793
4.88793
4.88793
4.88793
4.88793
4.88793
4.88793
4.88793
4.88793
4.88793
4.88793
4.88793
4.88793
4.88793
4.88793
4.88793
4.88793
4.88793
4.88793
4.88793
4.88793
4.88793
4.88793
4.88793
4.88793
4.88793
4.88793
4.88793
4.88793
4.88793
4.88793
4.88793
4.88793
4.88793
4.88793
4.88793
4.88793
4.88793
4.88793
4.88793
4.88793
4.88793
4.88793
4.88793
4.88793
4.88793
4.88793
4.88793
4.88793
4.88793
4.88793
4.88793
4.88793
4.88793
4.88793
4.88793
4.88793
4.88793
4.88793
4.88793
4.88793
4.88793
4.88793
4.88793
4.88793
4.88793
4.88793
4.88793
4.88793
4.88793
4.88793
4.88793
4.88793
4.88793
4.88793
4.88793
4.88793
4.88793
4.88793
4.88793
4.88793
4.88793
4.88793
4.88793
4.88793
4.88793
4.88793
4.88793
4.88793
4.88793
4.88793
4.88793
4.88793
4.88793
4.88793
4.88793
4.88793
4.88793
4.88793
4.88793
4.88793
4.88793
4.88793
4.88793
4.88793
4.88793
4.88793
4.88793
4.88793
4.88793
4.88793
4.88793
4.88793
4.88793
4.88793
4.88793
4.88793
4.88793
4.88793
4.88793
4.88793
4.88793
4.88793
4.88793
4.88793
4.88793
4.88793
4.88793
4.88793
4.88793
4.88793
4.88793
4.88793
4.88793
4.88793
4.88793
4.88793
4.88793
4.88793
4.88793
4.88793
4.88793
4.88793
4.88793
4.88793
4.88793
4.88793
4.88793
4.88793
4.88793
4.88793
4.88793
4.88793
4.88793
4.88793
4.88793
4.88793
4.88793
4.88793
4.88793
4.88793
4.88793
4.88793
4.88793
4.88793
4.88793
4.88793
4.88793
4.88793
4.88793
4.88793
4.88793
4.88793
4.88793
4.88793
4.88793
4.88793
4.88793
4.88793
4.88793
4.88793
4.88793
4.88793
4.88793
4.88793
4.88793
4.88793
4.88793
4.88793
4.88793
4.88793
4.88793
4.88793
4.88793
4.88793
4.88793
4.88793
4.88793
4.88793
4.88793
4.88793
4.88793
4.88793
4.88793
4.88793
4.88793
4.88793
4.88793
4.88793
4.88793
4.88793
4.88793
4.88793
4.88793
4.88793
4.88793
4.88793
4.88793
4.88793
4.88793
4.88793
4.88793
4.88793
4.88793
4.88793
4.88793
4.88793
4.88793
4.88793
4.88793
4.88793
4.88793
4.88793
4.88793
4.88793
4.88793
4.88793
4.88793
4.88793
4.88793
4.88793
4.88793
4.88793
4.88793
4.88793
4.88793
4.88793
4.88793
4.88793
4.88793
4.88793
4.88793
4.88793
4.88793
4.88793
4.88793
4.88793
4.88793
4.88793
4.88793
4.88793
4.88793
4.88793
4.88793
4.88793
4.88793
4.88793
4.88793
4.88793
4.88793
4.88793
4.88793
4.88793
4.88793
4.88793
4.88793
4.88793
4.88793
4.88793
4.88793
4.88793
4.88793
4.88793
4.88793
4.88793
4.88793
4.88793
4.88793
4.88793
4.88793
4.88793
4.88793
4.88793
4.88793
4.88793
4.88793
4.88793
