42.7246
35.3891
41.1017
43.1431
36.8241
40.3319
43.5091
41.1976
41.3259
40.4763
40.2409
42.7644
44.1657
36.7576
37.3113
39.7402
41.3856
42.5205
42.4723
38.6956
37.6471
45.3826
36.3831
38.0834
41.938
40.7537
36.1287
43.585
42.8837
45.0201
46.2205
43.5403
46.1809
33.6409
34.3439
44.413
43.9594
35.4812
45.9086
35.7445
41.1791
40.3983
40.7011
40.6666
46.529
46.9587
37.6684
38.4827
42.4309
33.1627
39.7355
44.2582
41.8145
40.7678
37.2148
37.9596
41.8216
46.1967
40.2191
44.678
40.4381
47.0336
45.4903
39.4163
41.8975
41.4197
42.9473
37.2248
36.658
39.3184
41.1538
41.218
38.5967
38.8529
41.411
37.9677
45.828
38.4882
38.957
43.3075
43.5809
42.6598
36.832
46.7918
38.388
37.5658
39.7274
41.6703
44.0398
43.4338
46.3787
38.2978
46.456
42.8584
41.6087
42.5631
45.5626
39.6409
40.1339
37.4219
42.7765
47.0793
45.8545
45.3328
41.2903
40.0851
40.7941
39.3742
35.1777
45.3202
38.1394
42.9006
38.249
41.3377
41.6578
38.4146
38.4813
38.1844
44.6411
41.7818
38.0185
36.1378
38.9146
37.5901
40.662
40.5172
42.113
36.6984
38.0713
38.0333
40.6812
37.8494
42.6094
40.2065
42.83
34.6247
39.6112
43.8044
44.8726
42.8368
38.8005
38.9488
38.8643
35.4463
42.5948
42.2392
39.2349
43.4147
40.6453
41.6969
43.4697
45.4632
42.3209
46.6038
43.1306
42.5862
34.8996
37.6587
42.5168
36.7666
38.1442
44.5741
42.2169
41.6394
39.6858
42.6717
40.0673
44.0925
44.5367
44.2492
34.6301
40.2427
39.8175
47.9808
42.5242
41.252
42.2971
42.0128
39.9037
41.7905
41.7149
41.0891
35.1503
46.7597
38.2901
43.7162
36.8709
41.3613
43.1555
39.4449
46.393
39.0372
41.1356
38.0791
42.4964
41.3791
44.8211
40.681
44.4114
40.4847
40.4053
41.8498
41.9297
40.3196
39.7491
43.3575
46.1257
40.8308
31.051
44.5017
38.6043
45.7738
35.0199
43.6856
39.2335
39.6527
44.5421
38.8186
45.1854
37.12
45.2204
41.7837
42.5913
40.4987
42.2892
42.5735
37.7877
43.0127
36.9646
39.9718
43.4348
35.1958
43.7267
41.4701
37.6435
45.8829
40.5272
38.2886
40.8893
43.6174
34.0857
40.1254
38.8636
36.7125
39.8551
41.8543
39.7778
39.2072
38.8139
37.1945
45.514
34.1969
38.6487
46.5055
40.1046
36.7794
48.2578
39.9905
45.9232
45.5661
37.2418
45.2706
34.6778
43.777
46.3896
42.4412
40.844
39.2809
41.6211
43.5341
44.2176
43.8495
42.0673
40.3089
41.621
44.1465
44.1759
39.0694
39.8181
40.384
40.6271
44.6186
31.5075
42.295
39.1389
39.4382
38.2022
33.892
37.9951
35.3385
43.5507
43.6886
42.3068
37.2048
38.924
43.0931
37.2613
44.1187
38.5684
36.5068
42.4955
40.2712
41.2211
39.7347
37.1376
46.954
43.3801
42.0919
38.94
45.0676
39.9195
41.5557
43.6934
44.9737
38.0385
47.5085
47.4904
43.6754
41.069
40.6256
41.8315
38.3085
44.2585
41.9656
43.9154
46.5793
36.6258
35.0942
41.3916
37.8566
45.4911
38.7119
35.3911
40.1673
42.8016
42.8162
46.1796
40.7941
44.6328
39.086
44.7864
37.7136
39.7682
42.6211
41.6189
41.6999
43.8484
40.465
38.3302
41.5175
39.796
45.878
37.0548
41.9062
45.6123
39.7874
40.8035
44.0408
39.1673
42.9323
41.1652
41.7963
38.3913
38.9872
42.4654
44.5194
44.5943
41.6933
38.1861
42.1254
44.5215
41.034
47.9196
43.4842
36.6351
42.1888
43.0793
43.5504
35.5505
41.2605
39.4345
39.7504
42.035
37.7856
38.7862
39.867
40.0736
39.5567
42.7239
41.6257
41.2202
41.3479
39.0754
46.14
35.6692
46.5963
46.0023
36.5071
44.0923
43.6668
40.372
44.4007
42.7068
41.2175
41.1645
40.7019
38.8943
36.0386
34.843
43.0457
34.2348
39.4374
44.0709
44.0975
40.13
42.8031
42.2648
37.416
42.2392
42.8418
44.4982
39.3775
39.3394
42.2758
46.8002
42.1646
42.4373
43.5564
44.0623
43.8297
48.2609
40.0968
42.999
38.0815
41.8746
38.6289
37.9082
39.1594
42.809
42.5989
37.5853
36.0638
37.7833
36.0308
41.2513
37.2769
42.6015
44.7755
35.9578
42.33
36.4753
43.7167
39.2753
45.3494
34.3251
42.0303
46.8087
45.3249
37.4892
38.1106
41.9083
41.8752
35.5631
41.6813
39.7212
39.8512
43.8377
36.9751
42.4882
45.9356
46.7372
44.4506
37.5584
40.9694
41.3767
45.2081
41.4648
38.9886
42.7504
36.9832
39.5234
37.6478
39.23
37.3593
43.9642
41.0003
37.9428
33.9489
43.7405
41.9442
35.4302
39.7824
46.2487
39.7028
45.5026
40.6979
44.7654
36.6134
43.6456
44.8654
38.4451
36.8284
43.5029
35.8507
42.4251
37.9652
35.6145
38.6268
42.8153
41.6536
41.2205
31.0311
45.4919
35.8785
40.5581
37.8277
38.618
32.6672
37.6459
38.4629
41.1817
37.9163
43.362
36.7725
36.7601
33.5062
41.9479
38.1108
41.4819
38.6996
41.8209
41.791
41.6833
44.4004
41.8728
35.821
42.6632
41.3542
37.7629
40.6926
39.1082
43.3571
38.8038
40.9584
37.9591
42.2548
39.9148
37.7585
42.7185
36.6132
39.9743
43.3329
46.1534
32.903
37.7515
40.7041
41.5304
42.9748
38.1197
43.3619
36.9712
44.8332
40.5485
41.9763
42.2938
43.6323
42.309
32.9866
40.7099
41.7998
41.3707
34.5818
35.7975
38.3404
40.2415
36.2706
44.333
36.9386
38.1372
38.9064
33.8448
46.6695
38.9098
42.19
47.4627
42.016
35.7311
38.0808
38.4297
38.7181
40.8669
41.7977
42.2003
37.8135
39.1572
41.48
34.1475
37.5856
37.1941
36.5622
43.6067
44.5043
38.0079
39.1443
37.2155
41.7887
39.1562
36.4271
43.2936
32.0842
37.2989
38.6983
45.7565
43.5431
36.9888
37.6089
42.5312
41.0016
29.9023
39.7068
32.6754
32.5535
42.8431
24.5522
39.4341
41.4596
41.7012
36.8021
40.3912
37.8666
36.2278
43.1294
38.3349
40.5052
42.1651
37.1702
38.8409
33.4472
36.2358
43.9237
35.1413
36.5932
38.2965
41.6285
39.3615
34.4285
36.7795
40.6864
42.2343
33.8865
39.1453
38.7002
35.0753
39.9923
32.3781
38.3034
38.1454
36.3397
37.8312
38.4994
37.1859
38.3949
38.6846
35.2657
44.6149
34.2834
40.0424
43.0016
36.4998
41.0549
38.8877
41.2596
37.2658
44.276
40.5216
35.1569
41.0088
38.3443
44.8609
43.4296
43.3021
37.5129
42.8542
42.5584
30.1827
32.9924
37.7071
39.3085
36.1032
34.9425
39.7936
38.6139
35.8782
36.528
39.3137
40.9672
42.0005
39.6058
41.813
33.2723
39.0139
41.6621
40.9938
34.9454
36.3501
39.6041
36.8715
40.6907
32.8452
37.5663
36.4021
44.7443
37.5318
36.0277
38.8673
40.0235
31.6726
35.5267
36.9331
32.5955
34.7321
42.7491
33.0383
31.8816
35.3709
31.9702
40.9677
37.9919
40.4949
40.8229
39.595
42.0106
39.5562
39.3543
35.807
40.3267
43.3023
38.2738
39.5084
34.7865
36.5679
36.039
38.6058
33.5348
39.8908
36.2597
33.0124
32.7159
32.6798
34.1312
32.1883
35.8535
35.0008
33.5383
40.5556
37.0855
37.0163
38.0531
38.8616
35.9147
37.5306
29.7594
33.2069
35.7471
29.6856
36.0621
40.7339
37.4809
34.5599
41.2003
34.7081
38.6622
40.6367
39.0313
37.5573
33.5274
35.4191
39.9733
38.8955
31.7262
34.642
34.2723
35.5266
34.7508
39.2293
31.7235
39.4072
40.6619
40.8771
38.0948
39.3306
38.7483
31.5698
32.8758
33.082
35.3796
27.3275
31.6192
32.1743
30.1872
35.192
40.9083
29.6888
31.5262
36.6517
33.273
30.7111
36.6751
33.019
38.1472
30.8613
33.3597
35.3612
28.538
34.028
28.1995
29.7791
35.9291
36.6768
31.168
32.3137
35.1645
40.162
30.2769
40.9176
35.8929
35.3876
32.9034
35.1832
30.9334
27.6713
36.0656
36.1328
29.2616
35.7695
30.9451
27.3326
31.487
29.8872
27.4444
31.0019
29.4375
34.4174
28.21
33.3321
24.2815
28.9213
36.3697
31.7838
35.4281
31.1839
41.5952
31.3004
29.5776
26.8914
36.8121
28.8523
28.6809
20.5151
29.7198
32.4786
27.7114
34.4938
25.7132
31.6736
37.2247
30.8699
32.6502
29.8462
32.0271
34.8315
35.2813
33.5101
24.5988
31.7751
30.0776
27.798
27.4003
27.383
30.3956
29.1787
26.4871
31.7948
30.5305
26.2159
21.622
28.09
34.1223
31.0746
26.6275
33.1358
28.2006
28.4014
28.6164
27.3977
25.2312
30.5686
28.4817
27.0107
27.5973
31.0075
30.1018
24.3578
25.9327
29.0796
30.9919
27.9748
24.9906
23.1888
25.967
25.3158
30.6825
28.0168
21.8962
25.8296
32.0379
28.865
25.6902
25.3221
24.4611
24.4327
27.2994
22.8556
21.079
18.6096
22.7336
21.1332
29.8275
22.9492
19.7089
24.8361
27.2265
21.1518
22.876
24.6319
28.4739
31.8726
29.8304
24.5673
28.127
24.4843
20.4501
18.7416
20.9526
24.4321
20.9941
20.3579
25.1696
28.8407
26.8521
24.2025
23.9694
23.2863
20.2629
21.011
19.4286
18.1629
23.2832
21.6904
24.6607
24.9515
22.0185
21.4491
20.0238
23.4944
18.0824
16.76
21.309
21.5363
21.4414
21.9777
18.1972
16.6214
16.9193
16.4958
20.5724
18.9258
23.5463
17.4939
17.6947
25.021
20.9025
22.9851
25.1952
23.2155
22.2692
19.0362
17.8765
16.7544
22.9628
17.3559
15.0096
18.523
14.9056
18.8712
23.5261
19.1515
18.6348
14.8716
17.1464
14.6051
15.002
15.9155
17.624
16.9664
15.6756
17.1962
14.9822
14.6737
16.7157
18.5014
20.5895
18.8897
15.3516
18.1182
21.1172
16.7405
17.297
17.8548
13.9415
18.498
19.3666
13.6613
16.3537
15.4039
14.5006
14.2431
15.9543
13.8349
15.3485
19.2182
16.1665
14.1748
15.7847
14.0425
19.3046
16.3638
16.6416
18.2256
15.0558
14.9863
14.6082
14.5491
12.9827
13.4535
14.1208
12.4089
12.8168
10.749
10.4901
9.80988
10.43
10.0573
10.4572
13.5673
14.4713
13.3523
11.8473
10.1212
12.6521
13.6896
13.3097
13.0466
11.787
11.6524
11.692
11.2184
11.3219
10.771
9.34646
8.34586
8.40404
7.78303
8.65566
8.87877
7.28865
7.73332
7.61672
7.7046
7.95211
9.85266
8.90866
9.40668
8.06204
8.53963
10.7975
8.6296
8.83793
11.7803
10.0088
10.1517
10.4429
10.9779
8.77595
9.89153
8.61504
10.1136
9.32209
10.0063
10.0242
10.1317
8.89429
9.48724
8.87033
8.16585
7.93029
9.28603
7.94564
8.83374
9.83655
9.33338
9.67293
9.83681
8.79767
8.92935
9.58948
11.9167
11.0836
10.4919
9.85654
9.30046
9.99503
8.84556
8.36231
8.92337
7.54456
7.70375
7.3128
7.42754
7.07702
7.61026
8.41098
9.47207
8.87805
8.14043
7.79492
7.36017
7.91581
7.88328
8.38504
8.87712
8.93276
7.73367
8.56179
7.67143
7.98986
8.84451
7.5599
7.62234
7.71213
7.81935
8.75605
9.09748
8.22925
8.07642
7.39404
7.19804
7.6739
7.81755
7.73249
8.18602
8.63251
8.32807
7.60553
7.89161
7.37489
7.06558
7.48192
7.88652
7.95759
7.29174
8.20338
8.02984
8.11494
7.93042
8.82249
7.65549
7.35057
7.33384
7.11942
7.25939
7.80912
7.43675
7.83311
7.05714
7.22209
7.85856
7.4958
7.32182
7.70867
7.46358
7.24517
7.65254
7.73388
7.22825
7.71384
7.16572
7.46789
7.45065
7.00751
7.17629
7.54701
6.74076
7.58699
7.64499
7.03515
7.50432
7.42604
7.07467
7.34704
6.99237
7.31552
7.04329
7.41079
7.34517
6.82271
7.03345
6.78909
6.82442
7.08747
7.2744
7.84695
7.80549
6.98023
7.0552
7.55258
7.25936
7.71113
7.76818
7.37524
7.43295
7.00671
7.42801
7.21504
6.95021
7.12375
7.02706
6.74482
7.15933
6.96691
6.9387
7.02627
7.0595
7.26965
7.63701
7.00085
6.62538
6.65387
6.59758
6.605
6.7733
6.87482
6.81728
6.84269
6.79433
6.9183
6.60952
6.67351
6.86976
6.9178
7.05435
6.92864
6.8255
6.66771
6.64668
6.83475
7.02188
7.05153
6.71669
6.78313
6.63638
6.71084
6.7182
6.6602
6.54528
6.56368
6.77895
6.59623
6.89395
7.11088
6.88646
6.8484
6.89031
6.87834
6.49081
6.64734
6.5497
6.82875
6.91692
6.93541
6.64191
6.79406
6.91779
6.73681
6.88463
6.62943
6.47334
6.58225
6.83214
7.1504
6.9348
6.54665
6.51987
6.60838
6.50479
6.51578
6.65071
6.78016
7.0044
6.76969
6.73317
6.73797
6.73797
6.73797
6.89018
6.78242
6.63535
6.81649
6.58872
6.4949
6.48732
6.56122
6.49613
6.54932
6.65073
6.77655
6.80066
6.79097
6.85334
6.8584
6.78422
6.75211
6.67626
6.5569
6.51978
6.48732
6.4949
6.56099
6.71105
6.65796
6.77156
6.77661
6.48542
6.55133
6.48624
6.47334
6.46577
6.53186
6.62568
6.62568
6.56717
6.67869
6.64925
6.65644
6.5588
6.5588
6.57882
6.57729
6.64545
6.60234
6.57368
6.58278
6.56798
6.46577
6.58719
6.48542
6.56979
6.52336
6.52336
6.55067
6.52744
6.51273
6.48732
6.52526
6.52744
6.50698
6.48732
6.47866
6.48624
6.47866
6.54375
6.52372
6.55133
6.48624
6.49831
6.48542
6.52372
6.54876
6.49613
6.5332
6.55743
6.55743
6.51083
6.56798
6.48542
6.55051
6.53086
6.493
6.54133
6.53943
6.58231
6.51978
6.54133
6.55508
6.57473
6.48542
6.51083
6.49118
6.64565
6.57473
6.54519
6.55285
6.55285
6.5332
6.49875
6.53761
6.62154
6.61579
6.53943
6.54133
6.54133
6.57773
6.51164
6.51841
6.49118
6.46577
6.54213
6.55502
6.46577
6.47866
6.47866
6.52336
6.5037
6.48624
6.51164
6.5037
6.54491
6.53734
6.54309
6.55067
6.55067
6.52526
6.51237
6.48732
6.48732
6.49081
6.51237
6.50698
6.48732
6.53239
6.53376
6.53725
6.53725
6.52967
6.59476
6.52967
6.48732
6.48732
6.54528
6.52562
6.50022
6.493
6.48624
6.46577
6.46577
6.493
6.49081
6.47334
6.47334
6.47334
6.46577
6.50022
6.54528
6.51455
6.51046
6.48324
6.51046
6.5037
6.49613
6.47866
6.48542
6.51083
6.493
6.47334
6.46577
6.46577
6.49118
6.47866
6.5332
6.55285
6.5037
6.52526
6.51455
6.47334
6.46577
6.50589
6.47334
6.47334
6.50479
6.50479
6.51237
6.52336
6.5037
6.48324
6.46577
6.49831
6.46577
6.4949
6.53996
6.4949
6.52526
6.5037
6.49081
6.47334
6.46577
6.46577
6.46577
6.46577
6.47866
6.51578
6.50407
6.50407
6.50022
6.46577
6.46577
6.47334
6.46577
6.51978
6.47334
6.5497
6.56259
6.48624
6.51046
6.49081
6.48324
6.49081
6.49081
6.49613
6.49613
6.48324
6.51046
6.47334
6.46577
6.48542
6.46577
6.47866
6.52336
6.52911
6.55067
6.5332
6.50022
6.50022
6.47334
6.46577
6.48324
6.493
6.493
6.47334
6.47866
6.49613
6.48324
6.46577
6.46577
6.46577
6.46577
6.46577
6.46577
6.47866
6.46577
6.46577
6.46577
6.48324
6.46577
6.47866
6.48542
6.48542
6.47866
6.49831
6.47334
6.49081
6.48324
6.48324
6.47866
6.48324
6.48324
6.50289
6.48324
6.48324
6.51622
6.5283
6.46577
6.46577
6.46577
6.46577
6.46577
6.46577
6.46577
6.49081
6.51046
6.48324
6.51578
6.49613
6.47866
6.48624
6.48624
6.48624
6.48624
6.48624
6.49081
6.49081
6.48324
6.48324
6.46577
6.46577
6.47334
6.47334
6.47334
6.4949
6.52031
6.47334
6.47334
6.46577
6.46577
6.46577
6.46577
6.46577
6.48624
6.47334
6.47334
6.46577
6.46577
6.47334
6.47334
6.47334
6.46577
6.47334
6.47334
6.47334
6.46577
6.46577
6.48542
6.46577
6.46577
6.46577
6.46577
6.47334
6.49081
6.49081
6.48324
6.48324
6.48324
6.50479
6.48732
6.46577
6.46577
6.46577
6.46577
6.46577
6.46577
6.46577
6.47334
6.47334
6.47334
6.46577
6.48542
6.46577
6.48542
6.46577
6.46577
6.46577
6.46577
6.46577
6.46577
6.46577
6.46577
6.46577
6.46577
6.46577
6.47866
6.47866
6.46577
6.48542
6.46577
6.46577
6.46577
6.46577
6.46577
6.46577
6.46577
6.46577
6.47334
6.48624
6.48624
6.47334
6.47334
6.47334
6.47334
6.46577
6.46577
6.46577
6.46577
6.46577
6.46577
6.46577
6.46577
6.46577
6.46577
6.46577
6.46577
6.47334
6.47334
6.47334
6.46577
6.46577
6.47334
6.47334
6.48542
6.48542
6.46577
6.46577
6.46577
6.46577
6.46577
6.46577
6.46577
6.46577
6.46577
6.46577
6.46577
6.47334
6.46577
6.46577
6.47866
6.47866
6.48542
6.46577
6.46577
6.46577
6.46577
6.46577
6.46577
6.46577
6.46577
6.46577
6.46577
6.46577
6.46577
6.48624
6.48624
6.46577
6.46577
6.46577
6.46577
6.46577
6.46577
6.46577
6.46577
6.47334
6.46577
6.46577
6.46577
6.46577
6.46577
6.46577
6.46577
6.46577
6.46577
6.46577
6.46577
6.46577
6.46577
6.46577
6.46577
6.46577
6.46577
6.46577
6.46577
6.46577
6.46577
6.46577
6.46577
6.46577
6.46577
6.46577
6.46577
6.46577
6.46577
6.46577
6.46577
6.46577
6.46577
6.46577
6.46577
6.46577
6.46577
6.46577
6.46577
6.46577
6.46577
6.46577
6.46577
6.46577
6.46577
6.46577
6.46577
6.46577
6.46577
6.46577
6.46577
6.47334
6.47334
6.47334
6.47334
6.46577
6.46577
6.46577
6.46577
6.46577
6.46577
6.46577
6.46577
6.46577
6.47334
6.46577
6.46577
6.46577
6.46577
6.46577
6.46577
6.46577
6.46577
6.46577
6.46577
6.46577
6.46577
6.47334
6.46577
6.46577
6.46577
6.46577
6.46577
6.46577
6.46577
6.46577
6.46577
6.46577
6.46577
6.46577
6.46577
6.46577
6.46577
6.46577
6.46577
6.47334
6.46577
6.46577
6.46577
6.46577
6.46577
6.46577
6.46577
6.46577
6.46577
6.46577
6.46577
6.46577
6.46577
6.46577
6.46577
6.46577
6.46577
6.46577
6.46577
6.46577
6.46577
6.46577
6.46577
6.46577
6.46577
6.46577
6.46577
6.46577
6.46577
6.46577
6.46577
6.46577
6.46577
6.46577
6.46577
6.46577
6.46577
6.46577
6.46577
6.46577
6.46577
6.46577
6.46577
6.46577
6.46577
6.46577
6.46577
6.46577
6.46577
6.46577
6.46577
6.46577
6.46577
6.46577
6.46577
6.46577
6.46577
6.46577
6.46577
6.46577
6.46577
6.46577
6.46577
6.46577
6.46577
6.46577
6.46577
6.46577
6.46577
6.46577
6.46577
6.46577
6.46577
6.46577
6.46577
6.46577
6.46577
6.46577
6.46577
6.46577
6.46577
6.46577
6.46577
6.46577
6.46577
6.46577
6.46577
6.46577
6.46577
6.46577
6.46577
6.46577
6.46577
6.46577
6.46577
6.46577
6.46577
6.46577
6.46577
6.46577
6.46577
6.46577
6.46577
6.46577
6.46577
6.46577
6.46577
6.46577
6.46577
6.46577
6.46577
6.46577
6.46577
6.46577
6.46577
6.46577
6.46577
6.46577
6.46577
6.46577
6.46577
6.46577
6.46577
6.46577
6.46577
6.46577
6.46577
6.46577
6.46577
6.46577
6.46577
6.46577
6.46577
6.46577
6.46577
6.46577
6.46577
6.46577
6.46577
6.46577
6.46577
6.46577
6.46577
6.46577
6.46577
6.46577
