18.3057
18.4108
18.9137
15.1775
16.4007
19.2042
20.2014
18.3062
17.1874
15.7538
18.9053
17.9215
15.143
16.9769
19.0268
17.0274
16.3041
15.8001
18.5617
19.2524
18.5387
18.5102
15.0228
16.2034
19.8287
16.3143
18.1113
18.8212
17.9586
16.3786
20.4959
18.7786
18.9621
16.7556
20.7113
18.531
19.402
19.1343
16.9329
19.1599
20.7263
17.3243
14.9142
17.2419
15.4657
19.5193
16.4375
16.8198
17.7807
17.2235
18.0683
18.4711
19.2899
19.2922
18.7098
19.3407
17.2486
20.0398
19.1782
18.9252
18.8039
15.3056
18.6009
19.6229
18.1192
17.0754
17.844
19.544
17.4834
17.4748
17.4259
18.6851
17.3635
19.7376
19.0675
19.456
20.7528
20.2446
19.0727
17.4336
17.0852
16.8039
20.9556
17.5551
16.6105
17.5638
18.5738
18.843
18.2246
18.7695
17.4289
16.6527
19.9766
16.6049
17.1479
17.1835
19.4924
16.8547
19.8223
18.5297
18.0358
19.1215
16.1766
18.8099
17.3853
15.7741
19.2207
18.001
18.9797
19.9822
19.6978
19.3087
18.2691
18.7522
17.8747
18.0332
17.7449
18.9696
18.7231
19.579
17.8884
18.304
16.6404
18.3145
17.8739
19.8986
17.9079
18.3632
21.5969
19.148
16.0778
18.5346
19.0412
17.2083
17.795
18.6375
18.8145
16.6899
18.6684
16.4454
17.3388
16.6378
20.2126
17.1683
19.8364
18.8824
17.1699
18.5147
15.558
19.6131
17.1988
18.7987
17.1523
16.5719
15.8867
19.0106
18.9441
18.2823
15.8053
16.5745
17.4331
16.4002
20.1332
17.7515
19.122
18.0084
17.6729
18.2373
18.1841
17.4718
15.7459
17.9668
18.2323
17.4396
15.9935
19.4155
17.4404
16.5062
19.211
17.7955
18.1108
17.7542
18.3156
16.206
18.8083
18.202
19.3331
18.8031
17.8665
18.3465
17.6131
16.9895
18.826
18.7415
16.8691
18.9374
18.4277
17.7241
17.1266
18.3823
18.0407
18.7384
18.5149
16.1859
18.9179
20.6191
18.1906
18.4615
16.4569
17.6203
16.5247
18.7685
17.0182
17.4134
20.0702
18.2416
20.2584
16.4701
18.4847
16.905
20.1722
17.5837
18.0619
16.3663
17.6139
16.85
18.0482
18.324
19.569
17.9991
16.175
16.6979
17.7979
19.2306
18.3754
19.6345
19.8416
18.7282
17.9279
16.2056
15.2871
16.817
18.8854
15.6381
19.7913
17.0997
16.3121
19.4904
15.9354
18.9137
16.0684
18.1588
17.3628
19.5138
17.6768
15.9767
17.6399
17.3399
19.1769
18.0268
16.7416
16.4533
19.0181
18.0901
16.8078
19.3965
18.9974
18.5735
16.9065
18.5392
17.499
17.4723
19.6211
16.4171
18.4978
17.8437
18.42
18.1176
16.8878
17.474
17.5737
16.3199
17.5628
19.6997
17.6603
17.122
16.3607
18.4527
16.9604
16.8965
18.136
17.725
18.5824
16.1674
20.9211
16.9835
17.5142
16.7422
16.3393
18.7765
17.9717
17.9712
17.4971
17.4287
18.4165
17.3975
17.9014
16.979
17.0717
16.2282
19.5618
17.4902
17.5099
16.6796
17.1509
17.0482
17.4991
17.2462
20.0948
15.8454
19.1379
15.6423
18.8315
16.766
16.181
19.1003
17.9988
17.7564
17.8443
14.7589
17.8845
17.9117
19.4761
17.4239
17.4824
17.6294
17.6586
18.1677
18.9114
17.7495
17.0904
17.4824
17.9041
18.9116
16.402
17.1007
17.0861
18.8266
19.7859
18.021
18.4555
18.949
20.0225
18.0665
15.2965
18.2488
17.2604
19.8323
19.1088
19.3333
15.6347
17.2121
18.4437
15.8979
17.0156
20.2822
17.2033
17.7818
18.7356
18.09
16.765
19.8669
18.937
18.0347
16.0059
17.911
17.1191
17.9729
17.2288
17.9846
19.0277
18.7873
16.7057
18.9371
16.5631
20.886
15.4605
18.5683
19.8701
17.6736
20.13
18.5846
15.5009
17.832
19.247
17.2998
18.9097
18.8086
18.5119
18.2302
15.8502
19.1371
17.6165
15.0266
17.123
19.9914
18.0105
17.4111
17.2821
18.8796
19.6818
19.6571
17.6151
16.9168
17.7224
17.4484
15.7003
17.3302
16.3063
18.5103
17.945
17.7684
17.0653
20.0982
18.3341
16.5737
18.1551
15.4867
16.991
16.2827
20.0078
16.6724
18.6564
16.754
18.4861
18.029
17.1791
19.4658
17.0885
14.5889
17.8637
17.7661
17.7514
18.5611
17.4718
17.8655
16.812
19.9179
17.8636
18.7999
18.0323
18.758
18.5933
18.2697
19.8589
14.9059
17.8531
16.2226
18.3747
19.4238
16.7814
17.3178
19.7473
15.3384
16.2647
19.1807
17.9681
16.2395
18.192
17.9141
18.3117
18.7917
17.7756
15.7781
18.623
18.9953
16.9637
16.84
19.3058
17.5889
17.8624
16.8072
18.8546
15.3025
16.534
17.0766
19.0236
16.1992
18.1216
16.0556
16.424
19.598
17.3857
19.2428
18.4513
16.6684
20.8334
18.0876
17.09
18.3831
20.0104
18.8563
16.2699
17.6776
16.2903
15.3857
18.7593
14.59
16.9789
18.4989
19.8918
19.9341
18.0579
15.857
18.3125
17.0442
18.9218
17.582
17.9805
17.4916
15.0972
15.6369
18.6937
18.3916
17.3351
18.6015
19.6304
17.7409
16.9539
18.566
19.1879
17.1633
16.9082
17.8195
16.5022
17.4832
17.7178
16.2206
18.8272
17.0798
17.0093
18.0757
17.7219
18.8933
18.6366
18.0175
17.9968
17.3749
19.1761
18.1652
17.2797
17.6576
18.6793
17.966
17.7585
20.5028
15.796
17.2055
20.0429
19.4962
18.5532
17.5641
16.5517
18.0868
16.8576
16.8813
18.022
18.8851
17.2126
17.974
19.0603
17.8219
17.5204
21.0803
18.8597
18.2991
19.5929
17.7729
18.1332
19.1786
17.3927
17.6388
18.397
17.3145
19.0228
17.7684
17.8888
17.2221
19.1732
18.6067
19.7317
20.404
17.7445
18.2729
17.262
16.8299
18.5067
18.5283
18.5338
15.3784
16.0043
18.0527
14.5504
15.2653
18.6974
13.6257
16.8131
15.7573
19.0823
17.3849
19.0761
18.9145
15.6278
18.2434
16.405
17.6618
17.4243
17.8134
19.041
18.1885
20.8519
18.2225
19.6902
17.5205
17.3524
18.4106
14.52
18.4702
15.5576
18.2305
16.8744
17.6086
16.6283
17.0774
17.5051
17.5917
18.3962
17.1118
17.9373
17.3882
18.8067
17.6874
16.6767
17.4235
16.9058
17.8889
17.5806
17.7529
17.9865
18.7623
18.5177
16.6625
18.4368
18.9025
17.663
17.1207
16.757
17.9698
19.938
18.1972
18.7753
17.5329
17.7089
16.0219
17.6688
17.5183
18.5491
17.1203
17.022
15.5499
17.3898
17.9231
17.7466
17.1934
17.8397
16.9337
16.9556
19.9351
18.9215
17.2656
15.6739
16.1768
17.9842
14.9059
14.9164
17.4399
19.6572
19.2887
18.2618
18.0457
17.5883
18.7763
15.6371
16.7249
17.887
19.1923
18.0535
16.4002
17.9141
19.4635
17.901
18.7466
18.4357
18.7004
17.7313
17.3259
18.2686
16.6566
17.2649
19.6796
18.5421
18.4983
17.5314
15.7103
16.9599
16.623
17.5672
18.8331
17.3307
18.7006
15.3302
17.3652
18.0676
17.8719
16.1036
18.1949
18.6646
16.7449
16.8767
19.3817
17.4071
17.9674
17.5027
19.8296
17.8596
18.876
16.8998
16.9758
17.0294
16.4958
16.1853
18.6742
15.9508
15.3445
16.823
16.7849
15.8958
18.4831
16.9242
16.3713
18.0494
16.3808
17.2287
15.5355
18.7264
16.6761
17.4757
19.8412
16.9892
16.8429
15.769
14.9488
19.7178
19.6294
19.3814
20.0985
16.7147
19.437
17.5549
16.1318
17.8042
18.4982
16.3703
18.2717
18.6343
18.5474
18.193
15.6591
17.2666
15.2865
17.6884
18.8233
14.4443
16.4142
15.2893
18.4269
15.7556
17.0753
17.9121
15.5928
18.5436
17.4773
17.3816
17.8585
16.7726
16.1351
16.4808
15.1249
17.2406
16.8819
17.3674
18.0625
14.925
19.54
19.6427
16.2771
17.9222
15.8064
17.72
16.2019
16.0626
14.168
16.3344
15.6424
15.3694
16.599
18.8104
18.1391
16.9907
18.1847
16.2778
15.141
18.7008
17.2997
15.0482
17.4444
16.5857
17.2362
16.6631
18.5343
16.7284
16.0099
14.9331
13.6965
16.459
16.7946
14.978
16.8878
15.9968
16.3836
15.8074
19.2103
18.413
17.4134
17.7242
16.5126
16.2353
15.5917
16.5059
14.6694
17.3137
17.2856
17.0118
18.9137
14.9652
16.6744
15.5145
16.7326
14.6345
14.0997
17.5159
17.1513
16.3989
15.1578
18.3129
16.165
16.9585
15.2381
16.2615
17.6089
16.7112
16.5015
17.2218
17.8837
16.5185
14.847
15.5732
17.5563
15.2982
15.2598
15.5612
13.4126
15.4547
16.8293
15.2883
16.3432
16.5651
15.7404
15.9779
18.3001
14.728
16.1748
15.4928
16.9454
17.8365
15.3401
15.8486
15.7635
16.6186
13.9929
17.9155
16.8961
14.7533
16.4455
14.5481
15.1303
14.9511
15.285
15.7726
13.6266
14.3319
16.5701
15.218
15.9384
16.3106
15.5488
16.469
16.5917
16.1937
13.7617
15.3777
13.8208
14.5443
15.5044
16.0831
16.3611
18.4349
15.0827
16.6032
16.7809
16.0651
16.4969
17.3322
16.2129
17.63
14.3201
14.3163
14.9704
16.9386
15.261
16.6775
16.6689
16.6376
15.31
14.1474
14.7252
17.6448
15.5534
17.5029
15.2819
14.4019
15.5132
16.3502
14.1511
17.2275
15.8878
12.7134
16.0264
16.1352
16.7067
12.7961
15.5221
13.1916
14.2883
13.7654
14.625
15.1271
17.2469
15.0038
14.7031
16.0556
17.0669
15.1763
15.1887
14.2368
15.8236
14.2516
14.5048
14.49
15.5115
14.6005
13.8643
15.5505
14.4761
14.3997
15.4847
13.4372
14.0503
14.0295
14.2704
13.0076
14.4111
14.4707
14.8895
15.0817
15.5523
16.9194
15.7894
14.1817
14.8221
12.3829
9.72205
14.9405
14.0027
13.114
15.7864
12.9261
13.5553
14.2176
14.2141
10.7041
15.6066
12.4984
13.4579
13.9356
14.1173
12.2526
14.1478
13.2527
13.4377
12.7177
12.2459
14.4189
15.1461
14.0858
12.6819
12.2448
15.2234
12.6358
15.4427
11.773
12.6249
12.8752
14.7991
11.7319
13.2763
12.7322
13.4976
14.1607
14.3628
11.2549
13.4273
13.2337
13.8663
11.8459
12.3053
11.0967
12.9128
13.0126
12.7064
10.7796
10.3931
10.4518
12.9548
14.197
11.865
14.4202
12.9519
12.613
12.3046
10.5649
10.3298
13.142
10.9841
10.4911
11.0949
12.9187
11.1186
12.1335
11.1961
10.8618
11.5394
13.1287
12.2687
11.437
11.8387
12.0343
12.9871
12.8502
12.0425
12.1574
10.5611
9.65905
11.5192
11.6191
9.13682
12.9582
11.8704
9.78236
9.28914
12.1126
8.88309
9.40142
11.2967
11.273
11.5535
10.7588
10.2713
9.58126
12.0041
10.5128
10.0287
9.53467
9.18595
10.1489
8.85186
11.068
10.547
10.2263
10.9534
10.4159
11.815
10.8495
10.835
9.5037
9.27684
8.88607
10.1392
9.03934
10.9165
8.84241
8.15765
10.5543
12.4738
12.8815
9.32098
10.6312
11.1444
10.4962
11.1765
8.38163
10.1201
10.7021
7.91432
8.24844
8.43425
10.1178
9.05792
8.78802
9.09486
8.84172
10.2926
10.0347
10.0594
10.1156
10.5054
10.0635
8.84852
9.89024
10.2006
8.39855
8.44404
10.1771
8.49632
7.99565
9.58307
8.46302
8.53
8.22268
9.0052
9.03839
9.63699
9.33426
10.9522
8.40158
8.61714
8.89801
9.6263
9.50585
9.00891
8.27589
8.68239
9.14362
9.8328
9.8013
9.38209
8.52893
6.91353
7.4232
7.18887
7.75271
7.83421
7.67793
8.21926
9.11814
8.03401
7.20046
8.03624
7.71942
7.62615
7.99747
7.85125
8.08664
8.32964
6.7817
6.65408
7.24225
6.83883
5.86238
7.78325
7.45194
7.90232
8.22357
8.92317
8.27526
8.59388
7.74163
7.72831
8.15878
7.09752
7.08133
7.77551
8.07876
8.17199
7.11765
6.96256
6.65268
7.04272
6.20875
7.51741
6.75391
6.64081
7.15643
7.22391
7.18174
7.92614
7.65695
7.27362
7.07898
8.01937
7.34147
7.78687
6.70708
7.202
6.68904
6.6407
6.59624
7.21495
6.55723
6.644
6.48451
6.33568
6.21215
6.15887
6.06851
6.28631
6.07875
6.49319
6.23176
5.96724
5.78605
5.76301
6.41339
5.87252
5.81334
5.76545
5.67393
5.79834
6.22866
5.88106
5.92475
6.07594
6.37559
7.45523
6.90312
6.21351
5.63183
5.86748
5.90809
6.41021
6.40856
6.57046
6.2506
6.17864
6.24222
6.09638
6.23658
6.23201
6.09964
5.92632
6.14622
6.27844
6.09388
5.76231
5.70926
6.03392
6.14312
6.22542
6.46276
6.35904
6.11332
5.99837
5.91633
5.4795
5.424
5.12389
5.49383
5.26067
5.27004
5.34643
5.16348
5.27339
5.27388
5.09378
5.25315
5.12439
5.41232
5.15073
5.51996
5.68804
5.56105
5.22449
5.57766
5.63224
5.41309
5.45942
5.43346
5.32553
5.32553
5.43164
5.372
5.41452
5.15997
5.22014
5.28053
5.34275
5.34275
5.18584
5.2077
5.21748
5.20788
5.3507
5.45616
5.45616
5.80178
5.93138
5.69765
5.49061
5.73962
5.8011
5.55538
5.6136
5.48435
5.32247
5.34012
5.22996
5.14656
5.11476
4.94809
5.04778
5.02809
5.09179
5.12771
5.17873
5.33982
5.41292
5.09063
5.10856
5.10856
5.16839
5.00928
5.00928
5.45141
5.3877
5.30084
5.07752
5.00046
4.97456
4.97456
5.131
5.18732
5.14204
5.12531
5.05736
5.07275
5.14445
5.07779
4.97622
5.01816
4.99497
4.99497
5.23633
4.95548
4.95499
4.91549
4.91549
4.91549
5.02141
5.04517
4.95756
4.91549
4.91549
4.91549
4.97382
4.97382
5.15839
4.91549
4.97456
4.97456
4.90803
4.90803
4.90803
4.91721
5.09735
5.24517
5.09524
4.91578
4.94226
4.93916
4.93583
4.93051
4.94277
4.94226
4.94226
4.94791
4.91629
5.07988
4.94791
4.94277
5.00264
5.01584
5.01584
5.02099
4.95958
5.01834
5.01834
5.05493
5.05493
4.98647
5.02341
4.9331
4.9331
4.9331
4.9678
4.9678
4.9331
4.9331
4.9331
4.9331
4.9331
4.9331
4.95958
4.94732
4.94732
4.95999
5.07751
4.9331
4.9331
4.9678
5.03163
5.02031
4.95648
4.95648
5.00242
4.99727
4.99727
4.98337
4.95648
5.05059
5.05059
4.94765
4.94765
4.94765
4.94765
4.94765
4.94765
4.94765
5.01893
5.06228
5.06228
5.02569
4.99845
5.00761
5.00761
5.00761
4.97102
4.96186
4.96186
4.96186
4.98235
4.94765
4.94765
4.99878
4.94765
4.94765
4.99186
4.99727
5.0086
5.0086
4.9739
4.9739
4.9331
4.9331
4.9331
4.99186
4.99186
4.99186
4.99186
4.99186
4.99186
4.99186
4.99186
4.99186
4.99186
4.99186
4.9331
4.9331
4.9331
4.95648
4.94732
4.94732
4.94732
4.94732
4.94732
4.95648
4.95648
4.95648
4.95648
4.94732
4.95958
4.95958
4.95958
4.95958
4.98647
4.97421
4.94732
4.94732
4.94732
4.94732
4.94732
5.00037
5.00037
5.00552
4.99326
4.98811
4.98811
4.94732
4.94732
4.94732
4.94732
4.94732
4.94732
4.94732
4.94732
4.94732
4.94732
4.94732
4.94732
4.94732
4.94732
4.94732
4.95648
4.95648
4.94732
4.95648
4.95648
4.95648
4.95648
4.95648
4.95958
4.95958
4.94732
4.95648
4.94732
4.9331
4.9331
4.9331
4.9331
4.9331
4.9331
4.9331
4.95958
4.95648
4.9331
4.9331
4.95648
4.95648
4.9331
4.9331
4.9331
4.9331
4.9331
4.9331
4.9331
4.99186
4.99186
4.9331
4.9331
4.9331
4.9331
4.9331
4.9331
4.9331
4.9331
4.9331
4.9331
4.9331
4.9331
4.9331
4.95958
4.95958
4.94732
4.95648
4.95648
4.95648
4.95648
4.95648
4.95648
4.95648
4.95648
4.95648
4.95648
4.95648
4.98647
4.95999
4.95999
4.9331
4.9331
4.9331
4.9331
4.95999
4.95999
4.95999
4.9331
4.9331
4.9331
4.9331
4.9331
4.9331
4.95958
4.9331
4.9331
4.9331
4.9331
4.9331
4.9331
4.9331
4.95958
4.95958
4.94732
4.94732
4.94732
4.94732
4.94732
4.94732
4.94732
4.94732
4.94732
4.95648
4.95648
4.95648
4.95648
4.95648
4.9331
4.9331
4.9331
4.9331
4.9331
4.9331
4.9331
4.9331
4.9331
4.9331
4.9331
4.9331
4.9331
4.9331
4.9331
4.9331
4.9331
4.9331
4.9331
4.9331
4.9331
4.9331
4.9331
4.94732
4.94732
4.94732
4.94732
4.94732
4.94732
4.94732
4.94732
4.94732
4.94732
4.94732
4.94732
4.94732
4.94732
4.94732
4.94732
4.9331
4.9331
4.9331
4.9331
4.9331
4.9331
4.9331
4.9331
4.9331
4.9331
4.9331
4.9331
4.9331
4.9331
4.9331
4.9331
4.9331
4.9331
4.9331
4.9331
4.9331
4.9331
4.9331
4.9331
4.9331
4.9331
4.9331
4.9331
4.9331
4.9331
4.9331
4.9331
4.9331
4.9331
4.9331
4.9331
4.9331
4.9331
4.9331
4.9331
4.9331
4.9331
4.9331
4.9331
4.9331
4.9331
4.9331
4.9331
4.9331
4.9331
4.9331
4.9331
4.9331
4.9331
4.9331
4.9331
4.9331
4.9331
4.9331
4.9331
4.9331
4.9331
4.9331
4.9331
4.9331
4.9331
4.9331
4.9331
4.9331
4.9331
4.9331
4.9331
4.9331
4.9331
4.9331
4.9331
4.9331
4.9331
4.9331
4.9331
4.9331
4.9331
4.9331
4.9331
4.9331
4.9331
4.9331
4.9331
4.9331
4.9331
4.9331
4.9331
4.9331
4.9331
4.9331
4.9331
4.9331
4.9331
4.9331
4.9331
4.9331
4.9331
4.9331
4.9331
4.9331
4.9331
4.9331
4.9331
4.9331
4.9331
4.9331
4.9331
4.9331
4.9331
4.9331
4.9331
4.9331
4.9331
4.9331
4.9331
4.9331
4.9331
4.9331
4.9331
4.9331
4.9331
4.9331
4.9331
4.9331
4.9331
4.9331
4.9331
4.9331
4.9331
4.9331
4.9331
4.9331
4.9331
4.9331
4.9331
4.9331
4.9331
4.9331
4.9331
4.9331
4.9331
4.9331
4.9331
4.9331
4.9331
4.9331
4.9331
4.9331
4.9331
4.9331
4.9331
4.9331
4.9331
4.9331
4.9331
4.9331
4.9331
4.9331
4.9331
4.9331
4.9331
4.9331
4.9331
4.9331
4.9331
4.9331
4.9331
4.9331
4.9331
4.9331
4.9331
4.9331
4.9331
4.9331
4.9331
4.9331
4.9331
4.9331
4.9331
4.9331
4.9331
4.9331
4.9331
4.9331
4.9331
4.9331
4.9331
4.9331
4.9331
4.9331
4.9331
4.9331
4.9331
4.9331
4.9331
4.9331
4.9331
4.9331
4.9331
4.9331
4.9331
4.9331
4.9331
4.9331
4.9331
4.9331
4.9331
4.9331
4.9331
4.9331
4.9331
4.9331
4.9331
4.9331
4.9331
4.9331
4.9331
4.9331
4.9331
4.9331
4.9331
4.9331
4.9331
4.9331
4.9331
4.9331
4.9331
4.9331
4.9331
4.9331
4.9331
4.9331
4.9331
4.9331
4.9331
4.9331
4.9331
4.9331
4.9331
4.9331
4.9331
4.9331
4.9331
4.9331
4.9331
4.9331
4.9331
4.9331
4.9331
4.9331
4.9331
4.9331
4.9331
4.9331
4.9331
4.9331
4.9331
4.9331
4.9331
4.9331
4.9331
4.9331
4.9331
4.9331
4.9331
4.9331
4.9331
4.9331
4.9331
4.9331
4.9331
4.9331
4.9331
4.9331
4.9331
4.9331
4.9331
4.9331
4.9331
4.9331
4.9331
4.9331
4.9331
4.9331
4.9331
4.9331
4.9331
4.9331
4.9331
4.9331
4.9331
4.9331
4.9331
4.9331
4.9331
4.9331
4.9331
4.9331
4.9331
4.9331
4.9331
4.9331
4.9331
