0.0274677   0.304452   -0.281681
0.323259   0.240278   -0.407335
-0.223036   -0.143229   0.306979
-0.395802   -0.456215   -0.0349144
-0.2313   -0.105684   -0.289543
0.213589   0.43339   0.377395
0.273481   -0.0256134   -0.227865
0.0627884   -0.450603   0.358771
-0.365504   -0.103811   0.410069
-0.141893   0.384805   -0.223553
-0.286914   -0.0340806   0.17774
0.231667   -0.465415   0.462923
0.280623   0.430811   0.143483
0.191357   0.462094   0.307793
-0.297383   -0.154732   -0.269015
0.146464   -0.0905268   0.492325
0.0708716   -0.40921   0.428568
-0.171049   0.342667   -0.305821
0.465953   -0.00488386   0.469235
0.406645   0.36846   -0.413685
0.194562   0.113801   0.336114
-0.0945138   -0.491721   0.158024
-0.250583   -0.238247   0.112261
0.432111   -0.261138   -0.485857
0.0228507   0.063086   0.389966
0.289013   0.174344   -0.325171
0.41312   -0.230123   -0.340149
-0.0138861   0.00659338   0.284082
-0.073355   0.351842   -0.227889
-0.0208293   0.0959483   0.281136
-0.293781   -0.134421   0.219406
-0.00869798   -0.163049   -0.332757
-0.0512149   -0.419085   0.189754
0.0477262   0.0150806   -0.0703565
-0.289017   -0.375737   0.114854
0.248006   0.220774   0.281149
0.356279   0.288841   0.0354164
-0.331027   0.420075   0.360417
-0.332502   0.406818   0.212076
0.207879   0.473988   -0.000596429
0.0876589   0.270955   0.197221
0.316176   -0.123961   0.330193
0.22398   0.0952245   -0.234011
-0.325121   -0.156556   -0.43593
-0.29867   -0.144193   0.338771
0.230184   -0.211476   0.190608
-0.483651   -0.274172   0.191129
-0.333937   0.102362   0.495785
-0.384355   -0.139274   0.278508
-0.133897   0.129367   -0.314114
0.0677652   0.447479   -0.0677033
0.396969   0.0533835   -0.389029
-0.377335   -0.0802154   -0.418844
0.326092   0.276714   0.106437
-0.149616   0.451206   0.277468
0.262801   -0.156714   0.424397
0.484348   0.0764142   0.239707
0.474892   -0.47814   -0.444659
0.30853   -0.355892   -0.0853617
0.00238895   -0.0688459   -0.465899
0.300294   0.0465122   0.286065
-0.141769   0.268179   -0.123716
-0.105269   0.420055   -0.309044
0.117471   0.302422   0.471121
0.387106   -0.356795   0.0585024
0.320543   -0.0974529   -0.49296
-0.469955   0.42715   -0.0515563
0.174195   -0.185639   0.321865
0.288284   -0.39542   0.41739
0.291546   -0.0580225   0.248739
0.21832   0.337752   -0.318009
-0.270249   0.139974   -0.400275
-0.461137   0.045053   -0.405733
-0.00322433   -0.299924   0.0745645
0.356812   0.110367   0.397518
-0.305169   -0.39173   -0.27755
0.197953   0.0573762   -0.461363
-0.376544   -0.345917   0.024917
0.213994   -0.0846678   0.360441
-0.2423   -0.0320129   -0.124165
0.117006   -0.0773011   0.352695
-0.279274   -0.45344   0.0572778
0.256225   -0.094691   0.0439775
-0.296265   0.204894   0.367684
-0.316077   -0.0142842   -0.160048
0.499333   0.0870061   0.154884
-0.137064   0.0677772   -0.431133
0.0392807   -0.0793742   0.318144
0.164257   0.418794   0.146582
-0.188951   -0.104447   0.483841
0.314995   0.480658   -0.0435914
-0.317426   -0.113997   0.142149
-0.262928   0.273613   0.443161
0.152561   0.0953568   0.0291539
-0.0623216   0.106109   0.163288
0.0243875   -0.39674   -0.460076
0.0425392   -0.203169   0.377349
-0.125076   -0.00689048   -0.0636866
0.0934671   0.477285   0.370217
-0.0282715   -0.477399   -0.416669
-0.0632451   0.431351   0.188399
-0.12677   -0.279405   0.231482
0.304325   -0.185318   -0.0813659
-0.240447   0.454252   0.406954
-0.0848508   -0.173967   -0.370502
0.34983   -0.108907   -0.32315
-0.415792   -0.450427   0.211958
0.167891   -0.41969   0.0857333
