0                   0                   0
0.064633                   0                   0
0.129266                   0                   0
0.193899                   0                   0
0.258532                   0                   0
0.323165                   0                   0
0.387798                   0                   0
0.452431                   0                   0
0.517064                   0                   0
0.581697                   0                   0
0.64633                   0                   0
0.710963                   0                   0
0.775596                   0                   0
0.84023         0.000987826         6.12877e-05
0.904863            0.147578         0.000675124
0.969496             1.06681          0.00243457
1.03413             2.03278          0.00395252
1.09876             2.27332          0.00388582
1.16339             2.09162          0.00380204
1.22803             1.83396          0.00273227
1.29266             1.61286          0.00260476
1.35729             1.46067          0.00207809
1.42193             1.33511          0.00201971
1.48656             1.25138          0.00161604
1.55119             1.18983          0.00160995
1.61583             1.14375          0.00133838
1.68046             1.11113          0.00136383
1.74509             1.08817          0.00140192
1.80973             1.07551          0.00134493
1.87436             1.06629          0.00123711
1.93899             1.06108          0.00119355
2.00362             1.05841          0.00111338
2.06826             1.05625           0.0010066
2.13289             1.05268          0.00113986
2.19752             1.04797         0.000961828
2.26216             1.04269         0.000919475
2.32679             1.03674         0.000896313
2.39142             1.03291          0.00096824
2.45606             1.02469         0.000994683
2.52069             1.02177         0.000705087
2.58532             1.01779         0.000831283
2.64995             1.01447         0.000851699
2.71459             1.01072         0.000770111
2.77922              1.0079         0.000716912
2.84385             1.00596         0.000764007
2.90849             1.00398         0.000679975
2.97312             1.00178         0.000767147
3.03775             1.00026         0.000722627
3.10239            0.998683         0.000728765
3.16702            0.998069         0.000665027
3.23165            0.996913         0.000683399
3.29629            0.996006         0.000626093
3.36092            0.995276         0.000588284
3.42555            0.994109         0.000578675
3.49018            0.993643          0.00056799
3.55482            0.993206         0.000578689
3.61945            0.992387         0.000579622
3.68408            0.990845         0.000585851
3.74872            0.990249         0.000538217
3.81335            0.990612         0.000581577
3.87798            0.989829         0.000471074
3.94262            0.990073          0.00057033
4.00725            0.989323         0.000471037
4.07188            0.988682         0.000493611
4.13651            0.988948         0.000462774
4.20115            0.988033         0.000575791
4.26578            0.987723         0.000533693
4.33041            0.987911         0.000421608
4.39505            0.987846         0.000454069
4.45968            0.987228         0.000476716
4.52431            0.987532         0.000423028
4.58895            0.987633         0.000449849
4.65358            0.988026         0.000401447
4.71821            0.987129         0.000427196
4.78285            0.987411         0.000461076
4.84748            0.987053         0.000411901
4.91211            0.986756          0.00039394
4.97674            0.986793         0.000419187
5.04138            0.986207          0.00042756
5.10601             0.98625         0.000413274
5.17064            0.986082         0.000413621
5.23528            0.985946         0.000435455
5.29991            0.986217         0.000358814
5.36454            0.986806         0.000398085
5.42918            0.986164         0.000395461
5.49381             0.98628         0.000386258
5.55844            0.986581         0.000349255
5.62307            0.986597         0.000337804
5.68771            0.986396         0.000382745
5.75234            0.986528          0.00039759
5.81697            0.985732         0.000334877
5.88161            0.986369         0.000370872
5.94624            0.986149         0.000367249
6.01087            0.986255         0.000296581
6.07551            0.985559         0.000325023
6.14014            0.985908         0.000350069
6.20477            0.985871         0.000326244
6.2694            0.985911         0.000269506
6.33404            0.985902         0.000335737
6.39867            0.985771         0.000288788
